15.99
15.99
29.99
29.99
29.99
29.99
29.99
15.7
15.7
15.7
15.7
15.7
15.7
7.27
14.99
15.74
15.74
7.15
10.15
10.15
10.15
8.8
8.8
10.11
10.11
10.11
10.11
5.0
5.0
15.74
15.74
7.33
7.33
7.33
2.65
21.12
21.12
15.74
15.74
15.74
15.74
7.43
5.08
89.0
89.0
4.6
1.23
8.09
4.97
4.97
4.97
4.97
8.71
8.71
10.89
10.89
10.89
8.71
8.71
10.89
1.93
3.16
3.81
3.13
3.13
8.77
7.22
5.16
4.12
5.43
2.1
3.8
3.8
3.8
3.8
3.8
2.99
4.04
9.09
10.28
12.5
13.59
6.66
6.66
9.2
3.11
2.81
1.94
2.27
5.16
6.39
6.39
6.39
5.16
5.16
5.16
5.16
7.37
5.16
4.18
2.89
1.69
7.94
17.11
3.01
3.01
11.89
21.38
21.38
8.27
3.05
3.05
2.68
4.65
0.84
4.19
4.19
4.19
3.5
3.5
3.5
1.77
0.89
2.28
15.97
2.22
7.62
7.62
3.05
1.79
6.21
1.77
9.43
2.12
4.75
2.26
2.26
4.16
15.6
11.07
11.07
7.17
5.45
4.16
6.36
16.11
5.98
7.17
3.97
3.97
4.54
2.54
3.36
17.29
2.3
13.76
6.02
6.39
6.39
6.39
2.42
2.99
2.52
8.05
5.5
5.07
5.2
5.07
10.86
17.46
9.02
8.14
15.67
2.61
2.61
3.09
18.14
11.2
2.49
5.99
1.99
3.49
14.49
2.49
1.75
2.99
11.2
1.75
11.2
3.49
3.49
3.49
2.49
3.09
3.09
3.09
4.24
11.92
11.47
11.47
11.47
11.47
11.47
11.47
11.47
11.36
5.13
5.81
5.81
3.45
27.66
14.79
7.75
5.81
10.84
6.41
6.56
6.56
4.99
4.99
7.15
6.28
6.8
0.39
1.77
2.08
14.0
14.0
8.9
8.08
8.25
13.93
4.63
4.96
13.2
8.9
8.25
8.25
8.9
4.95
14.0
14.0
4.96
14.0
6.13
8.14
14.19
12.05
12.0
12.05
12.0
12.0
12.0
4.6
5.81
12.0
12.0
7.2
7.2
4.05
4.6
4.6
4.6
4.55
4.6
12.12
7.13
6.56
4.56
9.26
12.48
5.99
10.73
6.96
5.39
5.34
5.39
5.39
5.2
8.9
13.89
5.72
3.65
14.65
17.34
4.92
8.16
5.8
5.15
5.8
7.36
4.04
6.51
6.51
6.51
6.71
6.71
6.51
6.51
6.61
6.71
2.9
4.79
1.55
1.55
7.2
7.15
3.95
3.95
3.95
3.95
4.81
6.53
4.4
5.0
3.03
7.22
7.34
7.34
7.34
7.34
7.21
7.21
63.54
8.96
8.96
5.09
5.09
7.39
7.39
6.69
7.36
12.04
8.05
10.39
10.39
10.29
10.29
10.39
8.06
8.06
8.06
8.06
8.06
7.53
7.21
7.21
7.21
7.21
8.06
8.06
8.06
7.55
8.06
8.06
8.06
9.21
9.27
2.7
7.15
10.99
2.43
11.85
11.91
7.72
7.72
7.72
10.77
6.08
7.72
2.33
1.8
9.22
9.22
4.4
9.27
4.85
4.54
3.26
3.28
2.59
42.15
7.99
78.13
1.54
2.33
8.02
4.69
8.93
9.05
8.93
8.86
7.99
6.25
6.24
6.25
6.14
6.25
6.25
7.99
7.99
6.25
6.25
6.25
6.25
6.25
15.69
8.05
3.95
3.95
3.7
2.33
7.96
4.69
8.02
7.2
5.72
5.72
18.81
11.86
5.15
7.11
7.11
31.41
40.56
5.33
10.43
7.15
12.13
6.79
7.15
7.15
7.15
7.15
4.79
4.79
4.79
4.01
4.01
11.99
3.95
3.95
3.95
3.95
3.84
8.86
10.73
10.73
3.02
3.64
7.21
8.09
2.71
2.56
10.84
3.52
9.09
9.09
8.05
4.46
8.05
7.2
6.25
5.16
8.02
7.16
7.11
8.09
7.96
7.15
7.09
9.27
7.2
2.06
6.26
7.2
4.05
8.02
7.45
8.02
6.07
6.07
4.5
2.45
3.95
3.95
11.55
5.91
5.91
3.68
3.57
5.24
5.24
5.29
5.29
5.24
5.29
5.29
5.29
3.57
3.57
3.57
22.49
4.69
7.15
3.13
7.68
3.58
4.99
11.47
11.36
11.47
4.83
9.9
1.23
4.58
1.82
4.1
4.83
1.23
4.1
4.32
6.81
11.94
11.64
6.97
1.82
4.83
2.4
6.27
1.47
6.27
1.5
1.5
9.67
12.7
12.7
12.7
12.7
12.7
6.34
9.31
9.9
11.47
11.47
11.36
7.35
6.85
7.25
12.99
12.62
12.62
8.81
12.99
7.99
13.99
6.35
10.06
10.06
9.56
9.56
9.68
10.06
9.56
16.08
14.06
14.27
14.95
32.4
11.98
6.12
14.27
14.27
22.11
4.12
14.27
14.27
14.27
14.27
4.12
14.95
14.95
4.12
14.95
8.9
7.96
11.48
6.12
6.46
9.31
9.31
1.75
9.31
9.31
7.99
7.99
7.99
12.91
10.81
8.52
10.81
6.44
8.72
9.65
4.84
6.83
9.65
8.78
4.89
6.83
4.6
9.56
3.57
9.31
7.99
4.4
8.15
7.46
6.65
9.68
11.47
9.68
6.5
8.15
4.16
13.5
13.5
7.99
4.99
4.99
4.6
6.53
11.07
6.37
6.37
10.99
10.93
35.2
19.0
6.37
6.37
2.96
3.8
4.18
3.8
3.8
24.0
4.18
4.18
2.96
4.18
11.81
13.76
6.8
11.18
8.02
10.56
8.15
5.8
5.8
8.21
6.76
5.8
5.8
5.8
5.8
5.75
10.54
1.89
1.89
12.0
1.19
1.19
50.3
1.6
5.67
9.31
9.31
9.31
9.31
9.31
9.31
11.51
11.57
9.52
9.52
2.64
9.52
9.52
10.54
12.91
8.06
8.06
1.81
8.06
8.06
8.06
1.05
10.54
10.54
10.54
5.8
5.8
10.54
10.54
10.54
10.54
10.54
10.54
10.54
12.91
12.91
12.91
8.15
12.91
8.89
11.47
6.06
6.06
3.67
2.7
9.27
9.27
9.27
9.27
10.54
16.73
16.73
8.9
9.31
9.31
9.31
9.31
9.31
8.02
5.04
5.04
2.57
1.44
1.0
4.1
3.73
4.16
7.21
7.82
5.99
5.25
5.99
5.99
5.06
4.41
4.87
5.94
2.84
8.35
9.35
7.2
5.45
6.97
6.97
7.91
3.65
22.5
4.46
2.11
0.96
3.65
11.39
2.16
4.42
3.65
4.42
2.16
3.65
1.31
11.39
11.39
4.42
5.92
7.88
14.8
5.92
5.92
9.85
5.92
5.92
5.92
7.88
7.2
5.0
3.65
5.92
7.88
5.92
7.88
7.83
6.91
6.91
6.91
9.85
6.85
9.85
7.39
7.39
5.43
6.95
4.18
5.06
5.06
4.8
5.45
5.54
2.99
5.85
5.22
4.8
4.8
3.19
1.23
10.64
10.5
13.31
13.31
10.64
9.7
1.39
1.44
1.39
6.64
6.64
6.64
5.25
6.64
6.64
6.64
6.64
6.64
6.64
6.64
11.98
8.81
6.41
4.29
4.29
1.66
6.99
4.99
4.99
4.99
5.62
5.21
6.44
6.99
4.99
4.99
5.0
7.06
7.06
7.06
7.99
7.99
7.99
11.36
11.47
11.36
11.47
11.47
16.74
8.51
8.51
16.32
8.57
9.7
9.7
9.7
1.65
6.65
16.73
8.57
8.51
8.51
9.68
13.95
11.58
8.51
9.7
8.51
8.33
8.33
8.33
8.33
8.33
8.33
8.33
30.38
30.38
3.65
3.6
8.33
11.99
5.54
8.33
11.99
7.0
8.97
7.0
8.97
8.33
8.69
8.33
8.33
8.97
11.99
5.11
11.98
9.7
9.7
9.7
9.7
9.7
8.0
37.36
4.99
14.96
10.0
11.55
4.88
25.54
9.38
3.45
3.08
8.06
13.03
23.41
26.07
21.36
24.52
4.86
5.01
45.99
45.99
4.39
9.97
2.06
15.86
9.31
5.01
5.01
19.56
36.15
18.66
9.27
2.81
3.62
7.84
11.91
7.79
4.37
39.25
21.97
20.77
14.05
23.5
21.5
23.5
22.01
25.94
7.28
7.13
4.39
4.39
8.62
26.07
4.13
4.8
49.97
34.22
12.1
30.58
4.31
31.37
12.1
19.25
34.96
21.08
9.61
17.23
40.38
15.77
15.34
10.26
23.39
20.09
4.29
11.11
11.03
15.39
4.56
4.56
20.06
13.26
52.4
18.95
29.39
13.12
7.5
7.5
7.5
34.8
24.67
26.77
2.47
8.13
14.69
7.5
42.56
6.94
4.25
4.15
25.45
48.5
48.5
24.43
21.32
31.62
25.45
29.36
21.45
5.04
12.41
32.14
28.82
18.62
27.12
26.46
24.93
9.53
15.62
15.62
34.05
34.05
26.17
27.44
27.44
10.3
17.96
47.62
13.35
10.53
4.98
4.98
12.66
35.15
19.5
13.93
9.53
41.96
8.57
7.11
8.54
46.62
21.56
45.29
10.17
10.01
11.77
16.65
3.14
9.98
30.79
10.32
18.62
7.02
20.29
16.08
17.49
18.72
10.01
7.38
8.92
25.92
17.5
26.54
3.02
3.02
5.56
5.84
2.99
42.33
37.07
19.29
26.21
37.07
37.06
37.07
14.08
21.07
4.3
6.67
4.3
6.67
49.91
55.45
25.44
26.64
29.82
29.82
6.73
14.0
38.79
38.79
38.79
29.09
34.91
17.28
21.56
10.29
14.61
18.98
28.99
12.66
7.32
4.9
4.74
4.88
6.5
3.49
38.23
11.56
17.45
13.09
13.09
12.54
4.62
24.42
46.55
7.7
1.81
25.18
27.5
37.5
4.64
16.33
30.81
16.33
11.58
36.0
26.0
49.24
22.99
41.98
25.41
31.77
33.37
8.44
13.95
17.33
13.14
13.05
21.36
18.62
16.0
15.25
21.36
40.28
10.2
10.2
6.87
18.64
11.65
36.03
31.97
22.8
22.8
22.8
19.54
22.8
26.14
24.91
14.52
24.0
25.54
31.29
28.1
18.78
16.07
16.88
11.8
12.83
19.27
57.12
11.7
6.8
35.04
28.62
28.62
9.77
34.31
41.71
39.29
12.58
15.23
16.11
10.65
4.74
34.05
19.68
15.18
23.32
46.55
49.41
15.71
25.08
7.0
19.61
9.11
9.27
8.63
8.15
7.65
12.15
5.75
3.16
12.45
2.51
4.85
5.4
4.34
7.88
6.9
10.97
10.97
6.9
7.88
2.17
9.07
9.54
10.54
31.05
4.74
26.46
11.58
3.49
4.62
16.23
15.6
19.01
13.6
28.62
5.4
9.98
9.98
35.74
33.19
11.91
46.14
42.8
14.88
21.04
13.08
19.15
8.55
13.08
15.51
10.42
10.22
4.69
10.53
7.03
5.43
5.4
25.17
2.51
12.99
22.27
2.4
3.49
3.49
27.89
7.84
32.53
24.49
24.49
34.96
27.12
31.92
32.19
27.12
48.91
6.59
33.79
7.02
48.91
12.69
11.7
2.47
14.96
3.49
8.11
42.49
37.49
4.74
7.03
10.22
2.71
14.96
14.78
7.14
17.23
5.56
34.91
34.91
8.9
6.9
8.9
7.5
7.5
2.42
23.9
31.62
16.67
13.32
18.15
18.64
30.8
17.34
18.64
30.42
42.37
32.59
26.07
11.11
11.03
11.03
11.11
8.26
5.64
8.26
29.76
55.58
23.48
25.65
21.34
14.46
6.05
2.53
55.33
8.69
29.19
53.71
29.19
8.55
2.36
21.36
37.1
2.01
4.72
6.8
4.72
39.12
2.01
16.14
2.01
16.14
16.14
6.76
16.14
17.09
16.14
40.58
32.06
40.58
8.5
8.5
12.78
12.78
13.08
20.35
12.52
14.37
12.52
12.52
6.14
30.25
35.55
2.31
30.3
3.84
7.41
25.56
6.74
7.96
14.14
14.14
11.31
4.29
4.39
8.26
23.83
16.36
6.25
15.17
34.66
18.41
33.41
1.64
5.19
2.9
32.43
5.5
29.34
11.07
11.07
3.27
9.68
8.11
43.45
21.18
10.36
96.03
10.71
7.17
31.62
26.39
30.74
21.02
14.0
14.5
33.81
8.55
24.25
24.25
17.94
23.86
4.64
4.64
4.64
4.14
39.37
39.37
12.75
14.65
13.24
39.37
19.58
41.5
19.58
25.69
41.5
19.58
39.37
19.58
19.58
17.89
41.64
19.58
9.84
7.83
7.83
31.52
6.78
20.06
29.23
7.14
29.99
13.58
41.23
17.1
14.47
9.55
12.38
44.96
44.96
51.05
31.62
38.05
11.65
11.65
19.15
6.76
42.06
28.62
68.39
63.51
40.85
9.22
19.96
15.71
33.52
29.09
38.78
28.25
5.53
5.53
5.75
2.07
13.04
16.14
19.96
99.96
74.48
74.48
14.29
11.07
8.5
10.99
27.17
14.39
10.94
17.05
33.21
43.0
43.0
46.26
19.75
33.52
21.28
7.35
28.49
17.05
20.86
28.49
28.49
16.65
23.41
9.65
9.65
13.49
17.88
11.65
15.29
18.99
26.68
16.39
19.0
19.0
21.85
16.15
8.31
21.85
26.7
17.65
5.38
7.84
24.5
10.36
10.36
39.18
11.59
21.0
35.12
26.32
26.34
33.87
33.17
13.21
20.63
44.77
25.48
9.8
37.24
5.34
2.06
30.96
9.72
19.01
20.16
38.91
37.24
97.44
38.91
9.33
9.48
37.24
2.73
15.19
15.19
15.19
38.91
97.44
37.24
38.91
11.54
36.18
50.71
50.71
10.56
14.32
14.32
46.28
21.0
46.0
4.61
4.13
12.98
17.88
15.29
9.65
3.84
17.88
21.0
26.0
26.0
7.18
9.6
22.99
11.46
13.61
11.46
12.42
21.05
26.7
22.99
26.7
22.99
18.86
7.56
12.48
9.65
7.9
7.9
44.35
18.7
7.75
7.4
8.5
7.07
2.25
1.9
1.9
19.03
31.9
18.66
5.41
17.48
12.63
38.63
24.25
3.58
35.06
14.55
15.52
28.13
10.86
9.85
10.86
12.57
7.76
12.57
11.79
28.13
28.13
8.88
11.23
19.86
6.5
5.64
44.09
11.99
49.39
47.54
6.65
6.14
37.62
18.49
53.18
39.85
40.27
6.65
9.19
15.41
6.97
13.14
4.14
5.14
5.14
5.15
13.14
5.14
5.14
18.52
4.14
4.14
13.14
18.23
11.95
21.32
36.87
41.23
43.46
37.99
7.98
43.76
22.5
22.5
9.99
22.5
56.79
37.66
56.91
23.9
9.79
23.9
4.5
8.14
2.14
8.14
28.79
22.54
38.81
3.63
15.1
17.21
10.8
17.21
5.99
20.48
18.23
23.44
17.46
17.46
11.79
15.67
7.91
28.13
7.91
9.85
28.13
13.42
10.97
10.38
7.26
19.6
5.14
5.14
17.98
43.9
5.24
6.89
5.3
41.49
19.63
5.14
5.14
26.46
39.19
44.1
20.34
28.08
38.12
2.64
4.64
2.64
2.64
2.36
25.77
19.75
17.53
54.67
23.52
54.67
28.41
22.34
28.41
23.52
26.22
35.18
24.4
39.15
38.17
34.2
14.9
12.95
2.53
6.05
4.88
11.55
3.84
8.93
6.43
8.93
8.9
21.34
5.0
5.31
21.02
3.26
18.01
4.89
34.5
6.9
9.79
14.75
39.87
39.61
34.29
6.9
6.9
3.49
26.95
20.44
20.59
6.5
12.75
12.75
17.21
55.81
26.58
17.21
17.21
7.21
2.99
10.68
10.66
10.66
11.01
19.99
12.99
12.99
19.99
12.99
12.99
19.99
19.99
12.99
19.99
19.99
12.99
12.99
12.99
19.99
53.99
30.99
49.99
23.49
31.99
28.82
29.99
7.09
6.0
12.99
12.99
12.99
12.99
10.18
35.88
15.99
18.32
5.35
6.99
6.99
6.99
6.99
6.99
28.99
28.99
5.43
10.22
10.22
4.34
9.75
24.49
35.26
24.49
21.71
29.75
42.61
14.69
13.3
11.99
6.99
11.99
14.99
11.99
14.99
21.32
10.78
9.99
11.99
14.61
7.88
4.93
29.07
26.07
9.6
31.94
28.03
13.83
23.28
2.42
5.56
13.5
28.94
5.25
3.6
6.65
6.65
1.79
2.0
4.6
19.09
17.11
17.11
9.4
9.4
9.4
9.4
9.4
17.48
17.48
7.58
17.48
17.48
17.48
17.48
17.48
17.48
17.48
17.48
17.48
17.48
17.48
17.48
28.48
14.71
12.65
2.85
12.65
14.03
12.65
14.71
9.22
10.31
10.31
10.31
2.85
3.2
14.71
14.71
12.65
7.61
8.54
10.31
10.31
10.31
9.22
9.22
5.82
9.22
9.22
9.22
2.12
6.47
9.22
2.55
2.55
10.49
6.47
3.87
3.87
2.44
11.55
11.55
11.55
11.55
11.55
14.74
11.55
11.55
16.3
4.84
5.62
9.69
5.62
4.84
9.69
5.62
5.62
5.81
5.33
3.68
4.84
6.3
5.62
5.81
6.59
11.55
14.78
17.48
16.3
5.25
5.25
5.25
11.55
11.55
14.01
14.01
14.01
14.88
2.9
2.9
2.42
2.9
2.9
11.55
27.16
4.0
2.9
2.9
2.42
4.36
1.93
2.42
7.56
8.46
4.97
12.65
8.46
12.16
21.1
10.48
12.65
12.65
5.82
8.46
14.71
7.61
5.82
5.9
4.97
4.97
4.97
10.19
2.85
12.73
14.03
8.46
3.67
6.78
9.69
3.39
6.3
6.78
7.56
4.84
12.58
12.58
12.58
2.9
5.25
2.61
1.93
3.58
4.16
2.61
2.9
3.39
5.23
1.54
1.54
4.84
3.68
4.16
3.87
19.39
3.58
3.68
4.84
1.54
34.91
3.58
3.58
3.19
1.45
3.68
19.39
4.84
5.81
3.58
4.36
3.58
2.22
4.84
4.36
6.3
3.87
5.23
17.36
22.31
3.87
2.62
14.01
9.82
6.54
6.54
16.74
5.9
6.54
15.31
15.31
20.34
7.09
3.8
3.8
3.8
2.5
2.99
2.5
2.5
2.5
2.5
2.5
2.5
2.5
2.5
9.1
20.33
4.95
27.01
26.46
20.52
20.52
14.75
14.75
28.48
17.48
15.19
3.04
1.7
3.05
11.83
10.75
8.07
9.32
13.58
13.58
6.1
3.68
6.3
5.62
3.68
2.9
5.81
7.56
14.39
14.39
9.44
9.44
10.63
10.78
10.63
6.38
6.38
6.53
6.37
13.59
6.66
9.2
9.44
9.44
9.44
9.44
9.44
9.44
9.44
9.44
9.44
9.44
9.44
9.44
9.44
9.44
9.44
9.44
9.44
9.44
9.44
9.44
9.44
9.44
8.55
8.55
8.55
8.55
8.55
6.5
9.01
9.01
8.66
8.07
4.35
8.49
8.49
2.7
6.54
8.55
8.55
8.55
8.55
8.55
11.06
11.06
11.06
11.06
11.06
11.06
11.06
11.23
11.94
11.94
11.94
11.94
11.94
8.96
2.7
10.49
10.49
10.49
10.49
10.49
13.59
13.59
13.59
6.66
3.97
5.12
5.12
5.12
5.64
5.64
5.64
5.64
5.64
5.64
5.64
5.64
5.64
10.49
10.49
10.49
10.49
10.49
10.49
10.49
17.3
24.2
24.2
21.68
24.29
11.55
11.55
11.55
11.55
11.55
11.55
11.55
11.55
11.55
11.55
11.55
11.55
11.55
11.55
11.55
11.55
5.8
5.8
1.74
11.55
11.55
11.55
11.55
11.55
11.55
11.55
11.55
12.39
7.2
10.86
2.5
2.5
2.5
2.5
2.5
2.5
12.13
5.73
4.77
5.1
3.06
5.25
5.25
5.25
5.25
5.02
5.25
4.42
4.21
4.42
4.42
5.85
4.21
2.5
27.11
17.37
17.37
17.37
15.88
15.88
15.55
15.55
15.55
10.2
10.2
10.2
12.81
12.81
12.81
8.69
5.9
5.9
5.9
6.54
6.54
6.54
6.54
6.54
6.54
6.54
6.54
6.54
6.54
6.54
8.07
8.07
8.07
4.55
7.72
4.55
4.55
4.55
6.78
6.78
5.9
5.9
5.9
9.67
5.9
5.9
5.9
5.9
5.9
13.92
18.15
18.15
10.57
17.05
2.5
2.5
2.5
2.5
2.5
2.5
2.5
8.57
1.62
2.05
4.21
11.6
17.84
10.57
5.34
2.85
3.61
10.86
10.86
10.86
10.86
4.77
2.05
1.42
4.11
15.52
8.07
4.95
4.95
3.09
3.87
2.9
3.87
2.62
1.74
2.71
2.71
3.87
4.36
10.63
14.71
14.71
3.87
5.33
8.52
8.52
8.07
3.15
1.83
1.95
2.33
4.33
6.99
2.89
3.22
4.37
2.43
1.72
1.3
2.69
4.55
13.1
3.91
13.1
20.37
20.37
20.37
56.81
26.45
1.89
3.78
8.23
20.37
20.37
9.61
16.01
16.13
2.0
57.4
67.62
6.56
12.04
12.52
12.94
12.94
12.94
12.94
21.68
2.42
2.71
2.44
3.87
3.87
3.87
4.84
2.44
11.88
11.88
2.14
5.15
10.99
4.3
2.49
9.46
2.14
10.49
10.49
10.49
10.49
10.49
17.36
17.36
10.49
5.79
5.79
6.99
11.85
7.35
8.82
1.93
4.84
1.93
1.93
1.93
2.9
2.9
1.93
5.81
4.36
3.48
10.49
13.63
13.63
13.63
5.49
3.79
5.79
9.99
3.99
2.99
3.79
5.79
12.74
12.74
12.74
2.5
9.12
11.55
2.78
13.63
13.63
3.99
10.95
10.95
12.85
10.95
20.34
5.29
29.44
29.44
9.99
3.99
9.99
9.09
8.82
9.8
8.31
7.9
7.9
5.25
5.25
6.4
3.35
6.4
10.97
3.68
6.4
7.12
4.0
7.12
6.73
3.68
10.97
6.4
10.97
3.35
6.48
3.68
6.4
6.18
6.18
6.4
6.22
4.24
8.79
6.18
6.73
6.4
6.18
3.09
1.93
3.58
4.16
3.39
3.68
2.61
3.09
4.16
3.58
3.58
2.61
1.54
3.68
4.84
2.22
3.87
3.09
15.51
15.51
22.85
13.79
15.51
15.51
15.51
9.46
2.14
1.54
15.51
13.79
15.51
2.99
2.99
2.99
2.99
2.99
15.05
15.51
15.51
15.51
15.51
9.04
19.58
19.58
2.99
2.99
19.58
19.58
15.05
7.75
29.34
5.53
8.31
5.53
13.83
5.53
2.5
2.5
2.5
2.5
2.5
5.53
5.53
2.5
2.5
2.5
2.5
2.5
2.5
2.5
2.5
2.5
2.5
4.39
4.79
3.29
3.19
4.79
4.79
4.79
3.79
4.79
5.49
4.79
4.79
3.29
21.28
19.97
16.65
21.28
11.3
21.28
4.3
13.88
14.16
12.65
19.06
7.23
7.23
11.3
22.6
19.97
24.11
19.97
11.3
21.28
19.16
12.74
18.18
19.06
6.74
19.97
2.99
2.99
3.29
4.79
7.29
4.79
3.19
3.19
3.29
3.19
2.99
2.5
2.5
4.79
4.99
3.19
3.79
7.29
4.79
4.79
3.79
7.75
15.51
7.75
2.9
12.58
7.49
6.29
6.29
6.49
6.99
3.79
4.29
17.12
7.99
5.49
4.99
5.49
6.49
3.79
3.79
6.29
5.49
5.49
6.29
3.69
7.99
6.99
7.49
6.99
5.49
7.99
5.49
9.99
5.49
6.49
6.49
6.99
6.99
5.49
7.49
6.49
4.99
4.29
6.99
4.29
17.12
3.69
3.79
4.29
23.6
4.79
4.99
7.29
4.79
4.89
3.79
3.79
5.59
7.29
4.79
4.79
13.57
25.03
13.57
13.57
13.57
13.57
16.49
16.49
13.57
16.15
16.15
16.1
25.03
4.3
6.99
6.99
12.58
12.58
9.46
59.7
146.12
5.99
4.99
17.84
19.75
17.84
17.84
19.75
17.84
8.88
4.43
4.43
5.15
2.22
4.43
4.43
9.77
16.74
38.24
2.99
10.99
1.99
1.99
1.99
1.99
1.99
1.99
1.99
1.99
4.99
2.69
1.99
1.99
1.99
1.99
1.99
1.99
1.99
1.99
1.99
17.63
54.87
54.87
8.22
14.69
2.99
2.99
1.99
1.99
1.99
3.49
1.99
1.99
1.99
4.99
1.99
2.99
19.34
1.99
22.92
11.62
19.34
18.61
3.19
3.79
3.79
2.49
6.99
7.99
2.49
3.19
2.49
5.99
3.19
3.79
2.49
4.79
3.19
2.49
2.49
3.19
3.79
6.29
7.99
4.79
1.99
6.99
1.59
7.99
6.29
3.19
6.29
6.29
69.75
6.29
2.22
7.75
3.58
3.39
7.75
3.87
6.1
2.49
3.87
5.23
3.87
3.87
2.61
2.61
5.62
6.3
6.78
5.23
2.61
3.87
7.75
5.62
5.23
4.16
2.61
2.9
3.87
4.36
3.87
3.87
2.61
3.87
5.62
2.61
6.0
2.61
3.49
9.99
3.49
2.69
4.49
3.49
2.69
3.49
4.39
5.99
7.27
1.93
3.58
3.87
3.87
4.16
2.61
3.19
3.87
5.99
6.49
2.69
2.69
3.49
3.49
2.69
5.49
9.99
2.69
5.49
4.49
2.69
6.49
3.87
3.39
3.87
3.58
3.58
4.16
3.87
6.3
27.29
4.49
3.99
4.29
7.29
6.29
3.99
3.99
7.99
5.49
4.29
7.99
20.88
21.24
25.86
7.99
7.99
7.99
10.99
4.99
6.29
7.29
3.99
7.29
4.29
3.99
4.29
7.29
7.25
7.25
7.25
4.65
7.56
9.5
11.63
10.66
5.91
10.66
11.63
6.39
5.91
11.63
10.76
6.39
16.38
16.0
6.2
9.88
6.3
16.38
11.63
5.42
9.69
17.55
10.76
6.59
11.63
16.0
3.58
4.65
6.3
3.58
9.88
9.5
11.63
15.8
6.3
6.3
6.2
9.88
11.63
16.0
3.58
11.63
6.2
8.49
15.19
13.23
20.57
13.71
14.21
16.65
19.59
5.42
9.88
6.3
6.3
5.23
9.88
20.09
19.59
20.09
18.13
20.57
14.69
7.83
15.19
7.83
17.63
7.83
15.19
15.19
18.13
15.19
19.59
18.13
4.65
3.58
11.63
16.38
6.2
6.2
6.2
4.74
16.15
20.09
21.95
13.23
18.61
19.59
19.59
18.61
18.13
18.61
13.23
15.19
7.83
14.69
7.83
18.61
18.61
7.83
15.67
17.63
5.99
6.49
5.99
3.99
7.99
4.99
4.99
6.49
12.5
13.18
11.44
7.94
7.94
7.94
4.65
7.94
4.06
6.3
14.06
9.88
14.06
16.0
12.5
2.42
1.54
4.65
7.75
5.81
2.42
1.54
3.68
3.68
6.78
2.42
3.68
5.33
3.87
2.42
4.65
3.87
2.42
6.78
3.68
2.42
