15.99
15.99
29.99
29.99
29.99
29.99
29.99
15.7
15.7
15.7
15.7
15.7
15.7
7.34
16.65
17.49
17.49
7.94
11.28
11.28
11.28
9.78
9.78
11.23
11.23
11.23
11.23
5.56
5.56
17.49
17.49
7.33
7.33
7.33
2.94
23.47
23.47
17.49
17.49
17.49
17.49
8.26
5.64
89.0
89.0
4.87
1.37
8.99
5.12
5.12
5.12
5.12
9.22
9.22
11.52
11.52
11.52
9.22
9.22
11.52
1.99
3.4
4.1
3.26
3.26
9.43
7.76
5.55
4.43
5.84
2.26
4.09
4.09
4.09
4.09
4.09
3.22
4.49
9.37
10.6
12.89
14.01
6.87
6.87
9.48
3.21
2.9
2.0
2.34
5.55
6.87
6.87
6.87
5.55
5.55
5.55
5.55
7.92
5.55
4.49
3.11
1.82
8.54
17.28
3.1
3.1
12.78
22.99
22.99
8.89
3.18
3.18
2.88
5.0
0.85
4.36
4.36
4.36
3.65
3.65
3.65
1.84
0.93
2.45
17.17
2.39
8.19
8.19
3.28
1.93
6.68
1.84
10.14
2.35
5.11
2.35
2.35
4.47
16.77
11.18
11.18
7.24
5.5
4.47
6.84
17.32
6.04
7.24
4.01
4.01
4.88
2.73
3.61
18.59
2.5
14.04
6.08
6.87
6.87
6.87
2.6
2.99
2.62
8.94
6.11
5.37
5.5
5.37
11.2
18.0
9.2
8.88
16.0
2.69
2.69
3.19
19.51
12.44
2.77
6.66
2.21
3.88
16.1
2.77
1.94
3.32
12.44
1.94
12.44
3.88
3.88
3.88
2.77
3.19
3.19
3.19
4.42
12.35
12.35
12.35
12.35
12.35
12.35
12.35
12.35
12.35
5.29
6.0
6.0
3.71
28.17
15.09
8.33
6.0
11.66
6.62
6.83
6.83
5.54
5.54
7.17
6.54
7.02
0.43
1.82
2.14
15.12
15.12
9.68
9.24
8.97
15.12
5.24
5.62
14.2
9.68
8.97
8.97
9.68
5.62
15.12
15.12
5.62
15.12
6.39
9.24
14.78
12.5
12.5
12.5
12.5
12.5
12.5
4.74
6.0
12.5
12.5
7.45
7.45
4.16
4.74
4.74
4.74
4.74
4.74
12.57
7.37
6.78
4.75
9.65
13.0
6.66
11.66
7.67
5.5
5.5
5.5
5.5
5.62
9.68
15.12
5.9
3.75
16.21
18.45
5.06
8.75
5.99
5.31
5.99
7.61
4.34
6.72
6.72
6.72
6.93
6.93
6.72
6.72
6.82
6.93
3.19
5.26
1.61
1.61
7.45
7.45
4.17
4.17
4.17
4.17
5.01
6.74
4.58
5.26
3.19
7.85
7.85
7.85
7.85
7.85
7.45
7.45
69.82
9.51
9.51
5.42
5.42
7.86
7.86
6.97
7.53
12.35
8.75
11.18
11.18
11.18
11.18
11.18
8.76
8.76
8.76
8.76
8.76
7.78
7.45
7.45
7.45
7.45
8.76
8.76
8.76
8.21
8.76
8.76
8.76
9.59
9.6
2.9
7.45
13.22
2.61
12.22
12.22
8.26
8.26
8.26
10.99
6.2
8.26
2.5
1.94
9.6
9.6
4.58
9.6
5.05
4.73
3.4
3.42
2.78
43.91
7.99
85.86
1.66
2.5
9.1
5.32
9.71
9.71
9.71
9.17
7.99
6.67
6.66
6.67
6.67
6.67
6.67
7.99
7.99
6.67
6.67
6.67
6.67
6.67
16.29
8.75
4.17
4.17
3.98
2.51
9.1
5.32
9.1
7.45
5.9
5.9
19.53
12.35
5.54
7.65
7.65
32.05
41.33
5.4
11.03
7.17
13.48
7.3
7.45
7.45
7.45
7.45
4.99
4.99
4.99
4.18
4.18
12.49
4.17
4.17
4.17
4.17
4.17
9.17
11.66
11.66
3.1
3.75
7.45
8.36
2.82
2.67
11.66
3.67
9.41
9.41
8.75
4.58
8.75
7.71
6.72
5.32
9.1
7.4
7.35
8.36
8.24
7.17
7.17
9.6
7.45
2.21
6.73
7.45
4.16
9.1
8.45
9.1
6.58
6.26
5.0
2.54
4.17
4.17
12.29
6.16
6.16
3.88
3.88
5.29
5.29
5.29
5.29
5.29
5.29
5.29
5.29
3.88
3.88
3.88
23.37
5.32
7.45
3.48
8.0
3.73
5.2
12.35
12.35
12.35
5.03
10.25
1.28
4.77
1.9
4.5
5.03
1.28
4.5
4.5
7.09
12.44
12.06
7.2
1.9
5.03
2.5
6.47
1.47
6.47
1.5
1.5
10.01
12.9
12.9
12.9
12.9
12.9
6.54
9.99
10.25
12.35
12.35
12.35
7.99
7.14
7.49
14.43
13.15
13.15
9.18
14.43
8.88
15.54
6.5
10.36
10.36
9.96
9.96
9.96
10.36
9.96
16.08
15.12
14.5
15.2
32.4
12.35
6.31
14.5
14.5
22.5
4.12
14.5
14.5
14.5
14.5
4.12
15.2
15.2
4.12
15.2
9.68
9.1
11.9
6.31
6.69
9.99
9.99
1.78
9.99
9.99
9.99
7.99
7.99
13.83
11.2
8.87
11.2
6.65
8.99
9.9
4.99
6.99
9.9
8.99
4.99
6.99
4.74
9.96
5.95
9.99
8.88
4.58
8.44
7.71
7.11
9.96
12.35
9.96
7.22
8.44
4.27
15.0
15.0
7.99
5.54
5.54
4.74
6.74
11.9
6.8
6.8
11.39
11.39
35.2
19.0
6.8
6.8
3.02
3.9
4.29
3.9
3.9
24.0
4.29
4.29
3.02
4.29
11.99
13.99
7.02
11.59
9.1
12.07
9.26
5.99
5.99
8.49
6.99
5.99
5.99
5.99
5.99
5.99
10.64
1.89
1.89
13.65
1.19
1.19
51.86
1.67
5.85
9.99
9.99
9.99
9.99
9.99
9.99
11.99
11.99
9.7
9.7
2.75
9.7
9.7
10.64
13.83
8.2
8.2
1.89
8.2
8.2
8.2
1.09
10.64
10.64
10.64
5.99
5.99
10.64
10.64
10.64
10.64
10.64
10.64
10.64
13.83
13.83
13.83
8.44
13.83
9.68
12.35
6.25
6.25
3.99
3.0
9.6
9.6
9.6
9.6
10.64
17.02
17.02
9.68
9.99
9.99
9.99
9.99
9.99
9.1
5.54
5.54
2.68
1.5
1.04
4.27
3.89
4.27
7.21
7.82
5.99
6.8
5.99
5.99
5.21
4.5
4.91
6.0
2.9
8.7
9.68
7.45
5.62
7.2
7.2
8.18
3.75
25.0
4.65
2.2
1.0
3.75
11.81
2.25
4.55
3.75
4.55
2.25
3.75
1.36
11.81
11.81
4.55
5.99
7.99
14.95
5.99
5.99
9.99
5.99
5.99
5.99
7.99
7.45
5.21
3.75
5.99
7.99
5.99
7.99
7.99
6.99
6.99
6.99
9.99
6.99
9.99
7.49
7.49
5.49
7.17
4.29
5.21
5.21
5.33
5.62
5.6
3.32
6.5
5.44
5.0
5.0
3.25
1.25
10.64
10.5
13.31
13.31
10.64
9.9
1.64
1.45
1.64
6.8
6.8
6.8
6.8
6.8
6.8
6.8
6.8
6.8
6.8
6.8
11.98
8.99
6.61
4.41
4.41
1.67
7.77
5.54
5.54
5.54
5.8
5.43
6.65
7.77
5.54
5.54
5.98
7.2
7.2
7.2
7.99
7.99
7.99
12.35
12.35
12.35
12.35
12.35
17.03
8.75
8.75
17.0
8.87
9.9
9.9
9.9
1.65
6.65
17.02
8.87
8.75
8.75
9.68
13.95
11.76
8.75
9.9
8.75
8.5
8.5
8.5
8.5
8.5
8.5
8.5
31.0
31.0
3.75
3.75
8.5
11.99
5.77
8.5
11.99
7.29
9.34
7.29
9.34
8.5
9.05
8.5
8.5
9.34
11.99
5.21
11.98
9.9
9.9
9.9
9.9
9.9
9.0
38.12
5.04
15.27
10.0
11.55
4.88
26.88
9.67
3.45
3.08
8.24
13.43
24.64
27.44
22.48
25.54
5.28
5.28
48.41
48.41
4.44
10.34
2.06
16.54
9.5
5.28
5.28
19.96
38.05
19.64
10.93
3.32
4.28
9.25
12.54
8.11
5.46
40.05
23.13
21.86
14.64
29.38
22.4
29.38
27.51
32.43
7.43
7.43
4.44
4.44
8.89
27.44
4.19
4.9
49.97
35.28
12.74
31.53
4.7
33.02
12.74
20.48
35.67
22.43
9.81
28.72
42.5
16.6
15.82
10.69
24.62
21.15
5.06
11.37
11.37
16.03
4.75
4.75
20.68
13.67
56.65
19.95
29.84
13.53
7.5
7.5
7.5
35.88
25.43
27.6
2.57
8.31
14.99
7.5
44.8
7.31
4.62
4.17
26.79
50.0
50.0
25.72
22.44
32.6
26.79
30.91
22.58
5.31
13.06
32.46
29.41
19.0
27.67
27.0
26.09
9.87
17.36
17.36
35.84
35.84
27.55
28.0
28.0
10.68
18.91
48.35
13.91
10.97
5.13
5.13
12.88
37.0
20.53
14.66
9.87
42.82
9.52
7.33
8.8
47.57
22.0
46.21
10.44
10.43
12.39
16.99
3.3
10.51
32.41
10.86
19.6
7.31
21.82
17.38
18.41
19.71
10.43
7.61
9.2
27.28
18.42
27.94
3.02
3.02
5.56
5.93
2.99
43.64
37.83
20.3
27.59
37.83
37.82
37.83
14.82
21.5
4.3
6.72
4.3
6.72
52.54
58.37
26.78
28.04
31.39
31.39
6.85
14.0
39.99
39.99
39.99
29.99
35.99
18.0
22.0
11.18
15.22
19.77
28.99
13.33
7.7
4.9
4.89
5.08
6.5
3.49
39.41
11.92
17.99
13.36
13.36
13.06
4.81
25.7
47.5
8.11
1.81
26.07
27.5
38.07
4.88
17.19
31.44
17.19
11.82
36.73
30.06
51.03
24.2
44.19
25.93
32.25
33.88
8.88
14.46
18.24
14.43
21.75
21.8
19.2
23.0
21.8
21.8
42.4
10.74
10.74
7.23
20.04
19.42
36.77
32.62
24.0
24.0
24.0
21.01
24.0
27.52
26.22
15.28
25.26
26.88
32.94
29.58
19.77
16.92
17.77
12.17
13.5
20.28
60.13
12.16
7.31
35.76
29.97
29.97
10.07
35.01
43.0
40.5
13.44
16.3
17.25
10.94
4.89
35.84
20.72
16.32
25.07
47.5
52.01
16.71
26.4
7.0
20.64
9.59
9.76
9.08
8.42
8.43
12.63
6.05
3.24
13.1
2.64
5.1
5.63
4.52
8.21
7.19
11.55
11.55
7.19
8.21
2.17
9.52
10.49
11.09
32.68
4.89
27.28
12.19
3.79
4.99
16.73
16.08
20.01
14.32
29.5
5.63
10.51
10.51
37.62
34.94
12.54
48.57
45.05
15.66
22.15
13.47
20.16
9.0
13.47
16.33
10.97
10.65
5.1
11.08
7.32
5.66
5.63
25.95
2.64
12.99
23.69
2.53
3.49
3.49
28.46
8.0
33.19
24.99
24.99
35.67
27.67
32.57
32.85
27.67
49.91
6.94
34.84
7.31
49.91
13.36
12.19
3.29
15.75
3.49
8.38
43.36
39.46
4.89
7.32
10.65
2.82
15.42
15.24
7.28
17.79
5.64
35.99
35.99
8.9
6.9
8.9
7.5
7.5
2.42
23.9
32.6
17.01
13.59
18.52
19.02
31.43
17.69
19.02
31.36
43.68
33.6
27.44
11.37
11.37
11.37
11.37
8.6
5.81
8.6
31.33
58.5
24.72
27.0
22.0
14.91
6.05
2.53
58.24
9.05
29.63
55.66
29.63
9.0
2.4
21.8
38.65
2.01
5.02
7.23
5.02
41.18
2.01
16.99
2.01
16.99
16.99
7.12
16.99
17.99
16.99
42.56
33.59
42.56
8.5
8.5
21.3
21.3
21.8
21.42
12.89
14.66
12.89
12.89
6.24
31.84
36.09
2.41
31.89
4.0
7.8
26.47
6.87
8.14
14.73
14.73
11.78
4.29
4.39
8.6
25.08
17.22
6.94
15.97
36.48
19.38
33.41
1.73
5.46
3.05
32.43
6.11
30.88
12.21
12.21
3.28
9.8
8.2
44.79
21.84
10.79
99.0
12.62
8.46
32.6
27.78
31.05
22.13
14.0
14.5
34.15
9.0
25.53
25.53
18.88
24.1
4.99
4.99
4.99
4.43
41.44
41.44
12.99
14.95
13.5
41.44
20.61
43.68
20.61
26.88
43.68
20.61
41.44
20.61
20.61
18.83
43.68
20.61
9.97
7.9
7.9
33.89
7.14
21.12
30.13
7.36
30.92
14.0
42.5
17.63
15.07
9.95
12.9
46.35
46.35
52.63
32.6
40.05
12.14
12.14
20.16
7.12
43.36
29.5
71.99
66.85
43.0
9.5
20.16
15.87
35.28
29.99
39.98
29.12
5.85
5.85
6.05
2.07
13.17
16.3
20.16
102.0
76.0
76.0
14.5
12.21
8.7
15.0
28.52
14.99
11.89
17.79
33.89
43.88
43.88
46.73
19.95
35.28
21.94
7.5
29.99
17.79
21.96
29.99
29.99
16.99
24.64
10.05
10.05
14.99
18.63
12.26
16.09
19.5
27.5
16.9
20.0
20.0
23.0
17.0
8.5
23.0
28.1
18.01
5.6
8.0
25.0
10.79
10.79
39.98
11.83
21.0
36.97
27.71
26.88
34.92
34.2
13.45
21.49
47.13
26.0
10.0
39.2
6.3
2.06
31.92
10.12
19.4
21.0
39.7
38.0
97.44
39.7
9.72
9.72
38.0
2.84
15.99
15.99
15.99
39.7
97.44
38.0
39.7
12.15
38.08
51.48
51.48
11.0
14.92
14.92
47.22
21.0
46.0
4.65
4.3
13.66
18.63
16.09
10.05
3.84
18.63
21.0
26.0
26.0
7.4
9.9
24.2
12.06
14.33
12.06
12.8
22.16
28.1
24.2
28.1
24.2
19.49
7.72
12.84
10.05
8.07
8.07
46.68
19.68
8.07
8.06
8.7
7.86
2.33
1.94
1.94
19.42
33.58
19.64
5.95
19.0
13.29
40.66
25.0
3.79
36.9
15.0
16.0
29.0
11.2
10.0
11.2
12.8
8.0
12.8
12.0
29.0
29.0
9.0
11.7
20.27
6.92
5.72
44.76
11.99
50.14
48.26
6.92
6.24
38.98
19.16
55.11
40.46
41.73
6.92
9.47
15.97
7.19
14.43
4.43
5.54
5.54
5.54
14.43
5.54
5.54
18.9
4.43
4.43
14.43
18.99
12.58
21.75
38.29
42.5
45.75
37.99
8.4
46.06
25.0
25.0
11.1
25.0
57.95
38.43
58.07
24.9
9.99
24.9
4.5
8.88
2.21
8.88
29.99
23.0
39.2
3.7
15.57
17.59
10.8
17.59
5.99
21.56
19.19
24.67
18.0
18.0
12.0
16.0
8.0
29.0
8.0
10.0
29.0
13.84
11.8
11.16
7.81
20.0
5.54
5.54
18.93
44.8
5.25
6.95
5.31
41.49
20.66
5.55
5.55
27.0
39.99
45.0
20.75
28.65
38.9
2.77
4.99
2.77
2.77
2.36
26.3
32.91
17.89
56.36
24.0
56.36
28.99
22.8
28.99
24.0
27.6
35.9
24.9
39.95
38.95
34.9
14.9
13.63
2.53
6.05
4.88
11.55
3.84
9.3
6.7
9.3
8.9
22.0
5.21
5.47
21.67
3.36
18.57
4.89
35.2
6.9
9.99
14.9
40.68
40.42
34.99
6.9
6.9
5.81
27.5
20.44
20.59
6.77
12.99
12.99
17.59
58.75
27.98
17.59
17.59
7.43
2.99
10.9
10.99
10.99
11.35
22.21
14.43
14.43
22.21
14.43
14.43
22.21
22.21
14.43
22.21
22.21
14.43
14.43
14.43
22.21
54.38
31.27
50.27
23.75
32.61
29.41
29.99
7.39
6.0
14.43
14.43
14.43
14.43
10.49
36.99
15.99
18.5
5.57
7.77
7.77
7.77
7.77
7.77
29.9
29.9
5.66
10.65
10.65
4.52
9.95
24.99
35.98
25.78
22.85
31.32
43.48
14.99
13.71
11.99
6.99
11.99
14.99
11.99
14.99
22.44
11.0
9.99
11.99
15.22
8.21
5.04
29.97
26.88
10.0
32.93
28.9
14.26
24.0
2.49
5.56
14.0
29.83
5.58
3.81
7.07
7.07
1.89
2.12
4.87
20.2
17.64
17.64
10.0
10.0
10.0
10.0
10.0
18.02
18.02
8.06
18.02
18.02
18.02
18.02
18.02
18.02
18.02
18.02
18.02
18.02
18.02
18.02
29.36
15.17
13.04
3.0
13.04
14.46
13.04
15.17
9.51
10.63
10.63
10.63
3.0
3.3
15.17
15.17
13.04
7.85
8.8
10.63
10.63
10.63
9.51
9.51
6.0
9.51
9.51
9.51
2.24
6.74
9.51
2.7
2.7
10.81
6.74
3.99
3.99
2.52
11.91
11.91
11.91
11.91
11.91
15.2
11.91
11.91
16.8
4.99
5.79
9.99
5.79
4.99
9.99
5.79
5.79
5.99
5.49
3.79
4.99
6.49
5.79
5.99
6.79
11.91
15.24
18.02
16.8
5.58
5.58
5.58
11.91
11.91
14.44
14.44
14.44
15.18
2.99
2.99
2.49
2.99
2.99
11.91
28.0
4.12
2.99
2.99
2.49
4.49
1.99
2.49
7.79
8.91
5.12
13.04
8.91
12.54
21.75
10.8
13.04
13.04
6.0
8.91
15.17
7.85
6.0
6.08
5.12
5.12
5.12
10.51
3.0
13.12
14.46
8.91
4.89
6.99
9.99
3.49
6.49
6.99
7.79
4.99
12.58
12.58
12.58
2.99
5.58
2.69
1.99
3.69
4.29
2.69
2.99
3.49
5.39
1.59
1.59
4.99
3.79
4.29
3.99
19.99
3.69
3.79
4.99
1.59
35.99
3.69
3.69
3.29
1.49
3.79
19.99
4.99
5.99
3.69
4.49
3.69
2.29
4.99
4.49
6.49
3.99
5.39
17.9
23.0
3.99
2.76
14.44
10.12
6.74
6.74
17.26
6.08
6.74
15.78
15.78
20.97
7.31
4.09
4.09
4.09
2.69
3.22
2.69
2.69
2.69
2.69
2.69
2.69
2.69
2.69
9.38
20.96
5.1
27.85
27.28
21.15
21.15
15.21
15.21
29.36
18.02
16.88
3.38
1.89
3.39
12.32
11.2
8.32
9.61
14.0
14.0
6.29
3.79
6.49
5.79
3.79
2.99
5.99
7.79
14.83
14.83
9.73
9.73
11.19
11.19
11.19
6.72
6.72
6.72
6.71
14.01
6.87
9.48
9.73
9.73
9.73
9.73
9.73
9.73
9.73
9.73
9.73
9.73
9.73
9.73
9.73
9.73
9.73
9.73
9.73
9.73
9.73
9.73
9.73
9.73
8.81
8.81
8.81
8.81
8.81
6.91
9.58
9.58
9.21
8.32
4.63
9.03
9.03
2.78
6.74
8.81
8.81
8.81
8.81
8.81
11.4
11.4
11.4
11.4
11.4
11.4
11.4
11.58
12.31
12.31
12.31
12.31
12.31
9.24
2.78
10.81
10.81
10.81
10.81
10.81
14.01
14.01
14.01
6.87
4.09
5.45
5.45
5.45
6.0
6.0
6.0
6.0
6.0
6.0
6.0
6.0
6.0
10.81
10.81
10.81
10.81
10.81
10.81
10.81
17.83
24.95
24.95
22.35
25.04
11.91
11.91
11.91
11.91
11.91
11.91
11.91
11.91
11.91
11.91
11.91
11.91
11.91
11.91
11.91
11.91
6.14
6.14
1.79
11.91
11.91
11.91
11.91
11.91
11.91
11.91
11.91
13.11
7.62
11.2
2.69
2.69
2.69
2.69
2.69
2.69
12.84
6.06
5.05
5.4
3.24
5.58
5.58
5.58
5.58
5.58
5.58
4.7
4.7
4.7
4.7
6.54
4.46
2.69
27.95
17.91
17.91
17.91
16.37
16.37
16.03
16.03
16.03
10.52
10.52
10.52
13.21
13.21
13.21
8.96
6.08
6.08
6.08
6.74
6.74
6.74
6.74
6.74
6.74
6.74
6.74
6.74
6.74
6.74
8.32
8.32
8.32
4.69
8.17
4.69
4.69
4.69
6.99
6.99
6.08
6.08
6.08
9.97
6.08
6.08
6.08
6.08
6.08
14.35
18.71
18.71
10.9
18.14
2.69
2.69
2.69
2.69
2.69
2.69
2.69
8.84
1.71
2.17
4.46
12.27
18.39
10.9
5.5
3.0
3.72
11.2
11.2
11.2
11.2
5.13
2.17
1.5
4.35
16.0
8.32
5.1
5.1
3.19
3.99
2.99
3.99
2.76
1.79
2.79
2.79
3.99
4.49
11.19
15.16
15.16
3.99
5.49
9.52
9.52
8.32
3.25
1.94
2.06
2.4
4.46
7.21
2.98
3.32
4.5
2.51
1.82
1.38
2.85
4.69
13.5
4.03
13.5
21.0
21.0
21.0
58.57
27.99
2.0
3.9
8.71
21.0
21.0
9.91
16.5
16.63
2.12
59.18
69.71
6.76
12.41
13.25
13.34
13.34
13.34
13.34
22.35
2.49
2.79
2.52
3.99
3.99
3.99
4.99
2.52
12.25
12.25
2.68
6.44
11.82
5.37
2.68
11.82
2.68
10.81
10.81
10.81
10.81
10.81
17.9
17.9
10.81
5.79
5.79
6.99
12.54
7.78
9.33
1.99
4.99
1.99
1.99
1.99
2.99
2.99
1.99
5.99
4.49
3.59
10.81
14.5
14.5
14.5
5.49
3.79
5.79
9.99
3.99
2.99
3.79
5.79
13.48
13.48
13.48
2.69
9.5
11.91
2.99
14.5
14.5
3.99
11.29
11.29
13.25
11.29
20.97
5.29
31.15
31.15
9.99
3.99
9.99
9.62
9.33
10.37
8.79
8.4
8.4
5.58
5.58
6.6
3.45
6.6
11.31
3.79
6.6
7.34
4.12
7.34
6.94
3.79
11.31
6.6
11.31
3.45
6.68
3.79
6.6
6.37
6.37
6.6
6.41
4.37
9.06
6.37
6.94
6.6
6.37
3.19
1.99
3.69
4.29
3.49
3.79
2.69
3.19
4.29
3.69
3.69
2.69
1.59
3.79
4.99
2.29
3.99
3.19
15.99
15.99
23.56
14.22
15.99
15.99
15.99
11.82
2.68
1.59
15.99
14.22
15.99
3.08
3.08
3.08
3.08
3.08
15.52
15.99
15.99
15.99
15.99
9.52
20.61
20.61
3.08
3.08
20.61
20.61
15.52
7.99
30.88
5.85
8.79
5.85
14.64
5.85
2.69
2.69
2.69
2.69
2.69
5.85
5.85
2.69
2.69
2.69
2.69
2.69
2.69
2.69
2.69
2.69
2.69
4.39
4.79
3.29
3.19
4.79
4.79
4.79
3.79
4.79
5.49
4.79
4.79
3.29
21.94
20.59
17.16
21.94
11.65
21.94
5.37
14.69
14.98
13.39
19.65
7.77
7.77
11.65
23.3
20.59
24.86
20.59
11.65
21.94
19.75
13.48
19.24
19.65
7.13
20.59
2.99
2.99
3.29
4.79
7.29
4.79
3.19
3.19
3.29
3.19
2.99
2.69
2.69
4.79
4.99
3.19
3.79
7.29
4.79
4.79
3.79
7.99
15.99
7.99
2.99
12.58
7.49
6.29
6.29
6.49
6.99
3.79
4.29
17.65
7.99
5.49
4.99
5.49
6.49
3.79
3.79
6.29
5.49
5.49
6.29
3.69
7.99
6.99
7.49
6.99
5.49
7.99
5.49
9.99
5.49
6.49
6.49
6.99
6.99
5.49
7.49
6.49
4.99
4.29
6.99
4.29
17.65
3.69
3.79
4.29
24.84
4.79
4.99
7.29
4.79
4.89
3.79
3.79
5.59
7.29
4.79
4.79
13.99
25.8
13.99
13.99
13.99
13.99
17.0
17.0
13.99
16.65
16.65
16.6
25.8
5.37
7.36
7.36
12.58
12.58
11.82
61.55
150.64
5.99
4.99
18.39
20.36
18.39
18.39
20.36
18.39
11.1
5.54
5.54
5.54
2.77
5.54
5.54
12.21
17.71
40.25
3.32
10.99
1.99
1.99
1.99
1.99
1.99
1.99
1.99
1.99
5.34
2.69
1.99
1.99
1.99
1.99
1.99
1.99
1.99
1.99
1.99
17.99
55.99
55.99
8.39
14.99
2.99
2.99
1.99
1.99
1.99
3.49
1.99
1.99
1.99
5.34
1.99
3.32
19.94
1.99
23.63
11.98
19.94
18.99
3.19
3.79
3.79
2.49
6.99
7.99
2.49
3.19
2.49
5.99
3.19
3.79
2.49
4.79
3.19
2.49
2.49
3.19
3.79
6.29
7.99
4.79
1.99
6.99
1.59
7.99
6.29
3.19
6.29
6.29
71.91
6.29
2.77
7.99
3.69
3.49
7.99
3.99
6.29
2.49
3.99
5.39
3.99
3.99
2.69
2.69
5.79
6.49
6.99
5.39
2.69
3.99
7.99
5.79
5.39
4.29
2.69
2.99
3.99
4.49
3.99
3.99
2.69
3.99
5.79
2.69
6.19
2.69
3.49
9.99
3.49
2.69
4.49
3.49
2.69
3.49
4.39
5.99
7.49
1.99
3.69
3.99
3.99
4.29
2.69
3.29
3.99
5.99
6.49
2.69
2.69
3.49
3.49
2.69
5.49
9.99
2.69
5.49
4.49
2.69
6.49
3.99
3.49
3.99
3.69
3.69
4.29
3.99
6.49
27.29
4.49
3.99
4.29
7.29
6.29
3.99
3.99
8.41
5.49
4.29
7.99
20.88
21.24
25.86
8.41
7.99
8.41
10.99
4.99
6.29
7.29
3.99
7.29
4.29
3.99
4.29
7.29
7.5
7.5
7.5
4.79
7.79
9.79
11.99
10.99
6.09
10.99
11.99
6.59
6.09
11.99
11.09
6.59
16.89
16.49
6.39
10.19
6.49
16.89
11.99
5.59
9.99
18.09
11.09
6.79
11.99
16.49
3.69
4.79
6.49
3.69
10.19
9.79
11.99
16.29
6.49
6.49
6.39
10.19
11.99
16.49
3.69
11.99
6.39
9.03
15.5
13.5
20.99
13.99
14.5
16.99
19.99
5.59
10.19
6.49
6.49
5.39
10.19
20.5
19.99
20.5
18.5
20.99
14.99
7.99
15.5
7.99
17.99
7.99
15.5
15.5
18.5
15.5
19.99
18.5
4.79
3.69
11.99
16.89
6.39
6.39
6.39
4.89
16.31
20.5
22.4
13.5
18.99
19.99
19.99
18.99
18.5
18.99
13.5
15.5
7.99
14.99
7.99
18.99
18.99
7.99
15.99
17.99
6.66
7.21
6.66
4.43
8.88
5.54
5.54
7.21
12.89
13.59
11.79
8.19
8.19
8.19
4.79
8.19
4.19
6.49
14.49
10.19
14.49
16.49
12.89
2.49
1.59
4.79
7.99
5.99
2.49
1.59
3.79
3.79
6.99
2.49
3.79
5.49
3.99
2.49
4.79
3.99
2.49
6.99
3.79
2.49
