7.33
7.33
7.33
7.94
11.28
11.28
11.28
9.78
9.78
11.23
11.23
11.23
11.23
5.56
5.56
17.49
17.49
17.49
17.49
23.47
23.47
17.49
17.49
17.49
17.49
8.26
2.94
5.64
89.0
89.0
15.7
15.7
15.7
15.7
15.7
15.7
15.99
15.99
29.99
29.99
29.99
29.99
29.99
7.34
16.65
12.44
2.77
6.66
2.21
3.88
16.1
2.77
1.94
3.32
12.44
1.94
12.44
3.88
3.88
3.88
2.77
9.2
3.19
5.55
3.26
3.26
5.84
2.26
4.09
4.09
4.09
4.09
4.09
3.22
3.18
3.18
4.49
6.87
6.87
6.87
2.6
4.87
1.37
8.99
5.55
4.49
3.11
1.82
8.54
12.78
22.99
22.99
9.43
7.76
8.89
5.55
4.43
2.88
5.0
1.99
9.37
10.6
12.89
14.01
6.87
6.87
9.48
3.4
6.87
6.87
6.87
4.1
3.21
2.9
2.0
2.34
5.5
11.18
11.18
7.24
7.24
4.01
4.01
6.08
6.04
4.88
4.47
2.73
3.61
18.59
2.5
14.04
17.28
3.1
3.1
5.55
5.55
5.55
5.55
7.92
0.85
16.77
2.45
17.17
2.39
8.19
8.19
19.51
3.28
5.11
2.35
2.35
4.47
6.84
17.32
1.93
6.68
1.84
10.14
4.36
4.36
4.36
3.65
3.65
3.65
1.84
0.93
2.35
9.22
11.52
11.52
11.52
9.22
9.22
11.52
2.99
5.12
5.12
5.12
5.12
9.22
2.62
8.94
6.11
5.5
5.37
5.37
11.2
18.0
8.88
16.0
2.69
2.69
3.19
3.19
3.19
17.03
8.75
8.75
8.87
17.02
8.87
8.75
6.8
6.8
6.8
6.8
6.8
6.8
6.8
6.8
6.8
6.8
6.8
6.8
11.98
3.25
1.25
10.64
10.5
13.31
13.31
10.64
8.99
7.77
5.54
5.54
5.54
7.77
5.54
5.54
5.98
7.99
7.99
7.99
9.9
9.9
9.9
9.9
8.75
9.68
13.95
11.76
8.75
8.75
9.9
3.75
11.81
2.25
4.55
3.75
4.55
2.25
3.75
1.36
11.81
11.81
4.55
7.45
7.21
7.82
5.99
5.99
5.99
4.5
4.91
6.0
2.9
8.7
9.68
7.45
5.62
7.2
7.2
8.18
10.64
9.99
9.99
9.99
9.99
9.99
11.99
11.99
4.34
8.75
5.99
5.31
5.99
7.61
6.72
6.72
6.72
6.93
6.93
6.72
6.72
6.82
6.93
3.19
5.26
1.61
1.61
3.71
4.17
4.17
4.17
4.17
4.17
4.17
5.29
6.0
6.0
6.0
6.62
6.83
6.83
6.74
4.58
5.26
3.19
7.85
7.85
7.85
7.85
9.51
9.51
5.42
5.42
7.86
7.86
6.97
7.85
0.43
4.42
1.82
2.14
7.53
12.35
6.39
8.33
4.74
12.35
12.57
28.17
15.09
5.01
12.35
12.35
12.35
12.35
12.35
12.35
12.35
12.35
9.59
9.6
7.45
8.26
8.26
8.26
8.26
5.29
5.29
5.29
5.29
5.29
5.29
5.29
5.29
7.99
7.99
13.22
7.45
7.45
9.6
5.05
4.73
3.4
3.42
9.6
9.6
2.61
12.22
12.22
10.99
6.2
8.75
8.75
7.99
16.21
5.06
43.91
85.86
1.66
2.5
7.99
6.67
6.66
6.67
6.67
6.67
6.67
6.67
6.67
6.67
6.67
6.67
16.29
13.83
9.71
9.71
9.17
2.5
1.94
7.45
5.9
12.35
5.54
7.65
7.65
32.05
3.98
2.51
5.9
19.53
41.33
9.1
5.32
9.1
11.03
5.4
7.17
5.9
3.75
7.45
7.45
69.82
18.45
2.9
6.16
6.16
3.88
3.88
3.88
3.88
3.88
9.6
2.21
6.73
5.32
8.45
9.1
3.48
6.58
2.54
12.29
11.18
11.18
11.18
11.18
11.18
8.76
8.76
5.0
8.76
8.76
8.76
8.76
8.76
8.76
8.21
8.76
8.76
7.17
7.17
8.76
4.17
4.17
8.36
23.37
1.45
7.45
4.58
9.71
2.78
9.1
5.32
8.0
3.73
5.2
7.78
7.45
7.45
7.45
7.45
7.45
13.48
7.3
7.45
7.45
7.45
7.45
4.99
4.99
4.99
4.18
4.18
12.49
1.64
1.64
4.17
4.17
4.17
4.17
4.17
9.17
11.66
11.66
8.36
7.45
2.82
4.58
2.67
7.45
4.16
9.1
11.66
8.75
3.67
9.41
9.41
7.71
6.26
6.72
5.32
8.75
9.1
7.4
7.35
8.24
3.1
3.75
7.17
5.5
5.5
5.5
5.5
12.35
12.35
12.35
6.54
7.02
10.01
14.43
9.24
15.12
15.12
9.68
8.97
15.12
5.24
5.62
14.2
9.68
8.97
8.97
9.68
5.62
15.12
15.12
5.62
9.68
15.12
9.65
14.78
12.5
12.35
12.35
12.35
12.35
7.99
9.24
12.5
12.5
12.5
12.5
12.5
6.0
7.45
12.5
12.5
7.45
4.16
4.74
4.74
16.08
4.74
4.74
4.74
32.4
7.37
6.78
12.35
4.75
1.78
13.0
6.66
5.54
5.54
11.66
11.66
13.99
5.03
10.25
5.62
9.68
15.12
1.28
4.77
1.9
4.5
5.03
1.28
4.5
4.5
7.09
12.44
12.06
7.2
1.9
5.03
12.9
1.67
12.9
12.9
12.9
12.9
12.35
12.35
7.14
7.49
13.15
2.5
13.15
9.18
6.47
17.0
1.47
6.47
1.5
1.5
6.54
4.74
4.58
10.36
10.36
9.96
9.96
9.96
10.36
9.96
9.99
8.44
7.71
7.11
8.44
15.12
4.27
4.27
3.89
4.27
7.99
5.54
5.54
6.31
6.31
10.25
6.69
9.99
9.99
11.9
14.43
8.88
15.54
6.5
9.99
9.99
9.99
7.67
11.39
11.39
12.35
12.35
14.5
15.2
14.5
14.5
22.5
4.12
14.5
14.5
11.9
14.5
14.5
4.12
15.2
15.2
4.12
15.2
9.68
9.1
11.99
12.35
9.96
7.22
15.0
15.0
4.74
6.74
6.8
6.8
6.8
6.8
3.02
4.29
3.9
4.29
3.9
3.9
4.29
35.2
19.0
4.29
3.02
4.29
24.0
7.02
9.1
8.87
8.99
9.9
4.99
6.99
9.9
8.99
4.99
6.99
5.95
9.99
8.88
9.96
9.96
5.99
5.99
8.49
6.99
11.59
9.1
5.99
5.99
5.99
5.99
5.99
12.07
13.83
13.83
13.83
8.44
13.83
1.89
1.89
7.99
7.99
9.26
13.83
5.85
11.2
11.2
6.65
13.65
9.99
1.19
9.99
9.99
9.99
9.99
9.99
1.19
51.86
10.64
10.64
10.64
10.64
5.99
1.67
5.99
10.64
10.64
10.64
10.64
10.64
10.64
10.64
9.7
9.7
2.75
9.7
9.7
8.2
8.2
1.89
8.2
8.2
8.2
1.09
5.33
3.32
6.5
5.44
12.35
6.25
6.25
3.99
2.68
1.04
5.62
5.6
3.0
9.6
9.6
9.6
9.6
10.64
5.99
7.99
5.99
7.99
5.99
7.99
7.99
6.99
6.99
6.99
17.02
17.02
5.21
5.99
7.99
14.95
5.99
5.99
9.99
5.99
5.99
3.75
9.99
6.99
9.99
7.49
7.49
5.49
7.17
25.0
4.65
2.2
1.0
5.54
5.54
5.21
3.75
5.21
5.21
9.68
9.0
8.5
8.5
8.5
8.5
8.5
8.5
8.5
31.0
31.0
8.5
11.99
5.77
8.5
11.99
7.29
9.34
7.29
9.34
8.5
9.05
8.5
8.5
9.34
11.99
1.5
5.0
5.0
1.65
6.65
3.75
3.75
5.21
11.98
9.9
9.9
9.9
9.9
9.9
6.61
4.41
4.41
5.8
5.43
6.65
7.2
7.2
7.2
25.78
22.85
31.32
39.2
3.7
10.9
29.99
6.0
15.99
18.5
7.77
7.77
7.77
7.77
7.77
29.9
29.9
22.44
7.43
10.99
10.99
11.35
2.36
9.3
6.7
9.3
8.9
5.47
21.67
3.36
18.57
4.89
6.9
9.99
6.9
6.9
29.99
15.57
10.8
57.95
38.43
58.07
24.9
9.99
24.9
23.0
5.99
20.0
41.49
2.77
4.99
2.77
2.77
5.56
24.64
10.05
10.05
18.63
12.26
16.09
19.5
27.5
16.9
20.0
20.0
23.0
17.0
8.5
23.0
9.47
7.19
11.0
4.3
13.66
18.63
16.09
10.05
3.84
18.63
43.88
43.88
35.28
14.0
20.53
14.66
24.67
18.0
47.57
22.0
46.21
4.65
9.52
7.33
8.8
16.99
38.12
5.04
7.31
3.3
21.82
17.38
18.41
19.71
32.41
10.86
7.61
9.2
27.28
18.42
19.6
5.93
27.94
3.02
29.97
29.97
33.89
3.02
5.56
43.64
52.75
37.83
37.82
37.83
20.3
14.82
48.06
55.31
24.64
38.63
49.82
48.64
40.78
53.76
6.85
21.5
22.0
26.78
28.04
31.39
31.39
12.54
14.64
40.05
23.13
7.43
7.43
8.11
21.86
39.99
39.99
39.99
29.99
35.99
4.44
4.44
8.89
27.44
4.19
4.9
49.97
12.74
12.74
3.45
3.08
8.24
37.83
24.62
15.27
27.59
26.88
10.0
11.55
11.37
11.37
9.67
52.54
4.88
2.99
19.42
36.77
32.62
24.0
24.0
24.0
24.0
27.52
26.22
15.28
25.26
15.22
13.33
7.7
26.88
32.94
29.58
19.77
16.92
17.77
5.08
6.5
3.49
39.41
11.92
17.99
10.43
13.36
13.36
26.07
27.5
38.07
7.31
35.76
13.06
4.81
17.19
1.81
10.94
31.44
17.19
11.82
36.73
30.06
25.93
32.25
33.88
4.88
17.36
17.36
8.88
19.2
9.87
16.71
26.4
35.84
35.84
27.55
10.97
20.04
21.01
37.0
51.03
24.2
14.46
18.24
14.43
9.87
42.82
10.74
7.23
12.16
10.44
10.43
12.39
25.7
47.5
8.11
12.17
13.5
20.28
60.13
10.51
4.89
35.84
20.72
16.32
25.07
10.07
35.01
47.5
43.0
40.5
4.3
6.72
4.3
6.72
52.01
13.44
16.3
17.25
58.37
26.09
28.0
28.0
10.68
18.91
48.35
13.91
5.13
5.13
12.88
4.89
14.32
10.51
10.51
3.79
4.99
7.39
16.73
16.08
15.42
15.24
7.28
20.16
29.5
6.94
34.84
9.0
5.63
7.32
12.19
3.29
13.47
43.36
13.47
7.31
16.33
11.08
25.95
27.28
11.18
5.63
20.01
4.9
4.89
11.09
32.68
23.69
3.49
2.64
12.99
2.53
3.49
28.46
8.0
35.2
33.19
24.99
24.99
35.67
27.67
32.57
32.85
27.67
49.91
49.91
13.36
42.4
10.74
15.75
3.49
8.38
39.46
4.89
7.32
10.65
44.19
5.64
2.82
21.75
21.8
23.0
21.8
17.79
21.8
19.77
28.99
13.1
9.59
9.76
9.08
8.42
8.43
12.63
6.05
2.64
5.1
5.63
3.24
7.0
20.64
7.19
10.0
4.52
8.21
8.21
37.62
34.94
12.54
48.57
45.05
15.66
2.17
9.52
10.65
7.19
11.55
11.55
10.97
22.15
5.57
5.1
10.49
5.66
12.19
13.43
4.17
10.34
27.44
22.48
25.54
5.28
5.28
5.28
5.28
19.96
19.19
50.0
50.0
35.99
35.99
2.06
16.54
9.5
38.05
48.41
48.41
35.98
4.44
8.9
6.9
8.9
7.5
7.5
2.42
35.28
10.93
3.32
4.28
19.64
5.46
31.36
43.68
33.6
27.44
11.37
11.37
11.37
11.37
5.81
29.38
22.4
29.38
27.51
32.43
49.72
58.24
9.05
29.63
55.66
29.63
57.79
43.38
9.0
4.7
29.41
33.02
24.72
6.05
31.53
20.48
35.67
2.53
22.43
9.81
28.72
42.5
27.0
15.82
5.02
7.23
5.02
41.18
7.12
16.6
10.69
21.15
5.06
8.5
8.5
36.09
2.41
21.56
14.73
14.73
11.78
4.29
4.39
16.03
4.75
4.75
20.68
13.67
15.97
35.88
25.43
27.6
56.65
9.25
2.57
8.31
4.62
6.94
19.95
22.44
32.6
26.79
30.91
22.58
23.9
6.11
32.6
47.14
13.53
7.5
7.5
7.5
7.5
44.8
8.6
8.6
31.33
14.99
7.31
58.5
22.0
7.36
14.0
14.91
5.31
13.06
32.46
29.41
19.0
27.67
17.01
13.59
18.52
19.02
27.0
2.4
21.8
31.43
17.69
19.02
21.42
12.89
14.66
12.89
12.89
7.8
9.97
7.9
7.9
33.89
26.47
6.87
8.14
38.65
30.13
17.22
2.01
2.01
16.99
2.01
16.99
16.99
16.99
21.3
21.3
21.8
29.84
17.99
16.99
42.56
33.59
42.56
6.24
46.35
46.35
52.63
32.6
31.89
4.0
31.84
20.16
7.12
29.5
8.6
25.08
26.79
43.36
25.72
35.28
36.48
19.38
33.41
1.73
5.46
3.05
32.43
12.99
14.95
13.5
43.68
20.61
26.88
43.68
20.61
41.44
20.61
20.61
18.83
43.68
20.61
7.14
21.12
30.92
42.5
19.95
17.63
46.73
40.05
71.99
66.85
43.0
9.5
29.99
5.85
5.85
6.05
2.07
39.98
29.12
14.5
12.21
102.0
76.0
76.0
30.88
12.21
12.21
3.28
44.79
21.84
9.8
8.2
27.78
31.05
22.13
99.0
12.62
8.46
32.6
34.15
9.0
4.99
4.99
14.0
14.5
25.53
4.99
4.43
41.44
41.44
41.44
20.61
25.53
18.88
24.1
7.5
14.99
12.06
14.33
12.06
12.8
8.7
28.1
24.2
28.1
24.2
8.06
8.7
13.45
18.01
5.6
14.99
15.0
28.52
21.49
47.13
6.3
2.06
11.89
17.79
29.99
17.79
21.94
12.15
38.08
28.1
31.92
10.12
10.79
39.7
38.0
97.44
39.7
9.72
9.72
38.0
2.84
39.7
97.44
38.0
39.7
8.0
25.0
10.79
10.79
39.98
11.83
21.0
36.97
27.71
26.88
34.92
34.2
21.96
29.99
29.99
16.99
26.0
10.0
39.2
47.22
21.0
46.0
19.4
21.0
21.0
26.0
26.0
15.99
15.99
15.99
51.48
51.48
19.49
7.72
12.84
10.05
8.07
8.07
46.68
19.68
8.07
15.07
9.95
12.9
14.92
14.92
12.14
12.14
20.16
15.87
13.17
7.4
9.9
24.2
22.16
16.3
20.16
14.0
2.49
34.99
19.42
19.64
7.86
5.81
20.59
6.77
42.5
45.75
37.99
33.58
13.29
40.66
25.0
3.79
36.9
15.0
16.0
11.8
11.16
7.81
29.0
11.2
10.0
11.2
12.8
8.0
12.8
12.0
29.0
29.0
9.0
4.5
8.88
38.9
35.9
24.9
39.95
38.95
34.9
11.7
20.27
2.21
8.88
27.5
5.95
19.0
18.93
44.8
5.25
6.95
5.31
6.92
5.72
44.76
11.99
50.14
48.26
6.92
6.24
18.0
18.0
12.0
16.0
8.0
29.0
8.0
10.0
13.84
38.98
19.16
55.11
40.46
41.73
6.92
29.0
5.54
5.54
5.55
5.55
20.44
15.97
20.66
27.6
27.0
39.99
45.0
20.75
28.65
14.43
4.43
5.54
5.54
5.54
14.43
5.54
5.54
18.9
26.3
32.91
17.89
56.36
24.0
56.36
18.99
4.43
4.43
14.43
12.58
21.75
28.99
22.8
28.99
24.0
14.9
13.63
2.53
6.05
4.88
11.55
3.84
5.21
22.0
38.29
2.33
14.9
40.68
40.42
1.94
1.94
2.99
22.21
14.43
14.43
22.21
22.21
14.43
22.21
22.21
14.43
14.43
14.43
22.21
14.43
14.43
11.0
17.59
8.4
25.0
17.59
17.59
17.59
46.06
25.0
25.0
11.1
12.99
12.99
17.59
58.75
27.98
9.95
24.99
43.48
14.99
5.04
29.97
26.88
32.93
28.9
14.26
24.0
13.71
11.99
6.99
11.99
14.99
11.99
14.99
9.99
11.99
15.22
8.21
22.21
54.38
31.27
50.27
23.75
32.61
14.43
14.43
14.43
14.43
10.49
36.99
5.66
10.65
10.65
4.52
2.69
1.99
1.99
1.99
1.99
1.99
1.99
1.99
1.99
1.99
15.5
7.99
17.99
7.99
15.5
15.5
18.5
15.5
19.99
18.5
20.5
22.4
13.5
18.99
19.99
19.99
18.99
18.5
18.99
13.5
15.5
7.99
14.99
7.99
18.99
18.99
7.99
15.99
17.99
2.99
2.99
1.99
1.99
1.99
3.49
1.99
1.99
1.99
5.34
1.99
1.99
15.5
13.5
20.99
13.99
14.5
16.99
19.99
20.5
19.99
20.5
18.5
20.99
14.99
7.99
4.49
2.69
6.49
4.49
3.99
4.29
7.29
6.29
3.99
3.99
5.49
4.29
7.99
7.99
10.99
4.99
6.29
7.29
3.99
7.29
4.29
3.99
4.29
7.29
10.99
1.99
1.99
1.99
1.99
1.99
1.99
1.99
1.99
5.34
5.59
9.99
18.09
11.09
6.79
11.99
16.49
3.69
4.79
3.69
10.19
9.79
11.99
16.29
6.49
6.49
10.19
11.99
16.49
3.69
11.99
6.39
5.59
10.19
5.39
10.19
4.79
3.69
11.99
16.89
6.39
6.66
7.21
6.66
4.43
8.88
5.54
5.54
7.21
12.89
13.59
11.79
8.19
8.19
8.19
4.79
8.19
4.19
6.49
14.49
10.19
14.49
16.49
12.89
4.79
7.79
9.79
11.99
10.99
6.09
10.99
11.99
6.59
6.09
11.99
11.09
6.59
16.89
16.49
6.39
10.19
16.89
11.99
2.99
3.49
9.99
3.49
2.69
4.49
3.49
2.69
3.49
4.39
5.99
5.99
6.49
2.69
2.69
3.49
3.49
2.69
5.49
9.99
2.69
5.49
3.32
19.94
23.63
11.98
19.94
17.99
55.99
55.99
8.39
14.99
18.99
4.79
1.59
4.79
8.41
5.45
5.45
5.45
6.0
11.91
11.91
11.91
11.91
11.91
11.91
11.91
11.91
11.91
6.0
6.0
6.0
6.0
6.0
6.0
6.0
6.0
4.63
9.03
9.03
9.03
2.78
2.78
6.08
6.74
22.35
25.04
11.91
11.91
11.91
11.91
11.91
11.91
11.91
11.91
11.91
11.91
15.78
15.78
17.26
11.2
2.69
2.69
2.69
2.69
2.69
2.69
12.84
6.06
7.07
7.07
4.09
10.0
10.0
10.0
10.0
10.0
7.31
4.09
4.09
8.06
2.69
3.22
2.69
2.69
2.69
2.69
2.69
2.69
2.69
3.0
8.32
18.02
18.02
18.02
18.02
18.02
18.02
18.02
18.02
18.02
18.02
18.02
18.02
18.02
9.38
18.02
29.36
20.96
5.1
27.85
27.28
21.15
21.15
15.21
15.21
29.36
6.74
16.88
3.38
1.89
3.39
18.02
12.32
11.2
10.63
10.63
10.63
8.8
10.63
10.63
10.63
9.51
9.51
6.0
9.51
9.51
9.51
14.0
14.0
6.29
9.61
14.83
14.83
9.73
9.73
3.79
6.49
5.79
3.79
2.99
5.99
7.79
4.99
5.79
9.99
5.79
4.99
9.99
5.79
5.79
5.99
5.49
3.79
4.99
6.49
11.91
11.91
11.91
6.14
6.14
1.79
13.11
9.73
9.73
9.73
9.73
9.73
9.73
9.73
9.73
9.73
9.73
9.73
9.73
9.73
9.73
9.73
9.73
9.73
5.79
5.99
6.79
5.58
5.58
5.58
7.62
29.83
9.73
9.73
9.73
9.73
9.73
8.81
8.81
8.81
8.81
8.81
8.81
8.81
8.81
8.81
8.81
11.4
11.4
11.4
11.4
11.4
11.4
11.4
11.58
12.31
12.31
12.31
12.31
12.31
9.24
14.01
14.01
14.01
6.87
4.09
15.18
28.0
5.58
3.81
1.89
2.12
4.87
20.2
17.64
17.64
5.05
5.4
3.24
4.46
2.69
2.69
17.91
17.91
16.0
2.69
2.69
2.69
2.69
2.69
2.69
2.69
17.91
16.37
16.37
16.03
16.03
16.03
10.52
10.52
10.52
13.21
13.21
13.21
8.96
6.08
6.08
6.08
6.74
12.27
6.74
6.74
6.74
6.74
6.74
6.74
6.74
6.74
6.74
6.74
8.32
8.32
8.32
4.69
4.69
4.69
4.69
6.99
6.99
6.08
6.74
6.74
6.08
6.08
9.97
6.08
6.08
6.08
6.08
6.08
17.9
23.0
14.35
8.84
15.16
15.16
1.71
2.17
4.46
10.12
18.39
27.95
8.17
10.9
5.5
20.97
11.2
11.2
11.2
11.2
3.72
5.13
2.17
1.5
4.35
3.19
3.99
2.99
3.99
2.76
8.32
1.79
2.79
2.79
3.99
4.49
3.99
5.49
5.1
5.1
3.99
2.76
11.19
11.19
11.19
11.19
6.72
14.01
6.87
9.48
14.44
6.72
6.72
6.71
6.91
9.58
9.58
9.21
8.32
11.91
11.91
11.91
11.91
11.91
10.81
10.81
10.81
10.81
10.81
10.81
10.81
10.81
10.81
10.81
10.81
10.81
17.83
24.95
24.95
4.69
2.12
13.5
13.5
21.0
21.0
21.0
4.03
58.57
27.99
2.0
3.9
8.71
5.58
5.58
5.58
5.58
5.58
5.58
4.7
4.7
4.7
4.7
6.54
21.0
21.0
9.91
16.5
59.18
18.71
18.71
10.9
69.71
18.14
6.76
12.41
13.25
13.34
13.34
13.34
13.34
22.35
4.46
1.94
2.06
2.4
7.21
2.98
2.85
9.52
9.52
3.32
4.5
2.51
1.82
1.38
8.32
3.25
3.0
13.04
14.46
13.04
15.17
9.51
16.63
3.0
2.24
6.74
6.74
3.3
15.17
15.17
13.04
7.85
9.51
35.99
10.81
11.91
2.7
2.7
11.91
11.91
11.91
11.91
15.2
11.91
11.91
16.8
15.24
18.02
16.8
3.99
3.99
2.52
2.49
2.79
2.52
3.99
3.99
3.99
2.68
4.99
2.52
14.44
14.44
14.44
5.12
2.99
2.99
2.49
2.99
2.99
4.12
2.99
2.99
2.49
4.49
1.99
2.49
11.91
7.79
5.49
3.79
5.79
9.99
3.99
2.99
3.79
5.79
13.48
13.48
13.48
9.5
8.91
13.04
8.91
12.54
21.75
10.8
13.04
13.04
6.0
8.91
15.17
7.85
6.0
5.12
5.12
5.12
10.51
5.29
9.99
3.99
9.99
6.08
3.0
13.12
14.46
8.91
15.17
13.04
5.37
11.82
11.82
4.89
2.68
6.44
2.68
8.79
10.81
10.81
10.81
10.81
10.81
10.81
17.9
17.9
10.81
12.58
12.58
12.58
2.69
1.99
3.69
4.29
2.69
12.54
7.78
9.33
9.62
7.77
7.77
2.99
3.49
5.39
1.59
1.59
4.99
3.79
4.29
3.99
19.99
3.69
3.79
4.99
1.59
3.69
3.69
3.29
1.49
14.5
14.5
14.5
3.79
19.99
4.99
5.99
3.69
4.49
3.69
2.29
4.99
4.49
6.49
3.99
5.39
3.19
1.99
3.69
4.29
3.49
3.79
2.69
3.19
4.29
3.69
3.69
2.69
1.59
3.79
4.99
2.29
3.99
3.19
1.59
3.08
3.08
3.08
3.08
3.08
12.25
12.25
11.91
2.99
14.5
5.79
5.79
6.99
14.5
1.99
4.99
1.99
1.99
1.99
2.99
2.99
1.99
5.99
4.49
3.59
3.08
3.08
11.29
11.29
13.25
11.29
20.97
2.69
7.99
3.99
6.99
9.99
3.49
6.49
6.99
7.79
4.99
2.99
31.15
31.15
9.33
5.58
10.37
15.99
15.99
15.99
15.99
9.52
20.61
20.61
20.61
20.61
5.85
8.79
5.85
14.64
5.85
5.85
30.88
5.85
2.69
2.69
2.69
2.69
2.69
2.69
2.69
2.69
2.69
2.69
2.69
2.69
2.69
2.69
2.69
6.6
3.45
6.6
11.31
3.79
6.6
7.34
4.12
7.34
8.4
8.4
5.58
5.58
6.94
3.79
11.31
6.6
11.31
3.45
6.68
3.79
6.6
6.37
6.37
6.6
6.41
4.37
9.06
6.37
6.94
6.6
6.37
15.52
4.89
11.82
11.82
2.68
15.99
15.99
23.56
14.22
15.52
15.99
15.99
15.99
15.99
14.22
15.99
24.84
4.79
4.99
7.29
4.79
4.89
3.79
3.79
5.59
7.29
4.79
4.79
4.39
4.79
3.29
3.19
4.79
4.79
4.79
3.79
4.79
5.49
4.79
4.79
3.29
2.99
2.99
20.59
21.94
20.59
17.16
21.94
11.65
21.94
3.29
4.79
7.29
4.79
3.19
3.19
3.29
3.19
2.99
14.69
14.98
13.39
19.65
19.75
13.48
19.24
19.65
11.65
23.3
20.59
24.86
20.59
11.65
21.94
12.58
4.79
4.99
3.19
3.79
7.29
4.79
4.79
3.79
7.99
15.99
7.99
7.13
2.69
2.69
2.99
7.49
6.29
6.29
6.49
6.99
3.79
4.29
17.65
7.99
5.49
4.99
5.49
6.49
3.79
3.79
6.29
5.49
5.49
6.29
3.69
7.99
6.99
7.49
6.99
5.49
7.99
5.49
9.99
5.49
6.49
6.49
6.99
6.99
5.49
7.49
16.31
6.49
4.99
4.29
6.99
4.29
17.65
3.69
3.79
4.29
5.37
3.79
2.49
3.99
6.99
3.99
2.49
2.49
2.69
3.29
3.99
3.99
3.49
3.99
3.69
3.69
4.29
3.99
17.0
13.99
16.65
16.65
16.6
25.8
6.49
27.29
20.88
21.24
25.86
40.25
7.36
8.41
8.41
7.36
5.37
12.58
12.58
61.55
150.64
3.19
3.79
3.79
2.49
6.99
7.99
2.49
3.19
2.49
5.99
3.19
5.99
3.79
2.49
4.79
3.19
2.49
2.49
3.19
3.79
6.29
7.99
4.99
18.39
20.36
18.39
18.39
20.36
4.79
1.99
6.99
1.59
7.99
6.29
3.19
6.29
6.29
71.91
7.99
18.39
6.29
2.77
3.69
3.49
7.99
3.99
6.29
3.99
5.39
3.99
11.1
5.54
5.54
5.54
17.71
2.49
3.99
2.69
2.69
5.79
6.49
6.99
5.39
2.69
3.99
7.99
2.77
5.54
5.54
12.21
5.79
5.39
4.29
2.69
3.99
4.49
3.99
3.99
2.69
3.99
5.79
13.99
25.8
13.99
13.99
13.99
13.99
17.0
2.69
6.19
2.69
7.49
1.99
3.69
3.99
3.99
4.29
5.99
3.79
2.49
3.79
3.79
2.49
5.49
1.59
7.99
7.5
7.5
7.5
3.32
6.99
2.49
