7.33
7.33
7.33
7.15
10.15
10.15
10.15
8.8
8.8
10.11
10.11
10.11
10.11
5.0
5.0
15.74
15.74
15.74
15.74
21.12
21.12
15.74
15.74
15.74
15.74
7.43
2.65
5.08
89.0
89.0
15.7
15.7
15.7
15.7
15.7
15.7
15.99
15.99
29.99
29.99
29.99
29.99
29.99
7.27
14.99
11.2
2.49
5.99
1.99
3.49
14.49
2.49
1.75
2.99
11.2
1.75
11.2
3.49
3.49
3.49
2.49
9.02
3.09
5.16
3.13
3.13
5.43
2.1
3.8
3.8
3.8
3.8
3.8
2.99
3.05
3.05
4.04
6.39
6.39
6.39
2.42
4.6
1.23
8.09
5.16
4.18
2.89
1.69
7.94
11.89
21.38
21.38
8.77
7.22
8.27
5.16
4.12
2.68
4.65
1.93
9.09
10.28
12.5
13.59
6.66
6.66
9.2
3.16
6.39
6.39
6.39
3.81
3.11
2.81
1.94
2.27
5.45
11.07
11.07
7.17
7.17
3.97
3.97
6.02
5.98
4.54
4.16
2.54
3.36
17.29
2.3
13.76
17.11
3.01
3.01
5.16
5.16
5.16
5.16
7.37
0.84
15.6
2.28
15.97
2.22
7.62
7.62
18.14
3.05
4.75
2.26
2.26
4.16
6.36
16.11
1.79
6.21
1.77
9.43
4.19
4.19
4.19
3.5
3.5
3.5
1.77
0.89
2.12
8.71
10.89
10.89
10.89
8.71
8.71
10.89
2.99
4.97
4.97
4.97
4.97
8.71
2.52
8.05
5.5
5.2
5.07
5.07
10.86
17.46
8.14
15.67
2.61
2.61
3.09
3.09
3.09
16.74
8.51
8.51
8.57
16.73
8.57
8.51
5.25
6.64
6.64
6.64
5.25
6.64
6.64
6.64
6.64
6.64
6.64
6.64
11.98
3.19
1.23
10.64
10.5
13.31
13.31
10.64
8.81
6.99
4.99
4.99
4.99
6.99
4.99
4.99
5.0
7.99
7.99
7.99
9.7
9.7
9.7
9.7
8.51
9.68
13.95
11.58
8.51
8.51
9.7
3.65
11.39
2.16
4.42
3.65
4.42
2.16
3.65
1.31
11.39
11.39
4.42
7.2
7.21
7.82
5.99
5.99
5.99
4.41
4.87
5.94
2.84
8.35
9.35
7.2
5.45
6.97
6.97
7.91
10.54
9.31
9.31
9.31
9.31
9.31
11.99
11.99
4.04
8.05
5.8
5.15
5.8
7.36
6.51
6.51
6.51
6.71
6.71
6.51
6.51
6.61
6.71
2.9
4.79
1.55
1.55
3.45
3.95
3.95
3.95
3.95
3.95
3.95
5.13
5.81
5.81
5.81
6.41
6.56
6.56
6.53
4.4
5.0
3.03
7.22
7.34
7.34
7.34
8.96
8.96
5.09
5.09
7.39
7.39
6.69
7.34
0.39
4.24
1.77
2.08
7.36
12.04
6.13
7.75
4.6
11.92
12.12
27.66
14.79
4.81
11.47
11.47
11.47
11.47
11.47
11.47
11.47
11.36
9.21
9.27
7.15
7.72
7.72
7.72
7.72
5.24
5.24
5.29
5.29
5.24
5.29
5.29
5.29
7.99
7.99
10.99
7.2
7.15
9.27
4.85
4.54
3.26
3.28
9.22
9.22
2.43
11.85
11.91
10.77
6.08
8.05
8.16
7.99
14.65
4.92
42.15
78.13
1.54
2.33
7.99
6.25
6.24
6.25
6.14
6.25
6.25
6.25
6.25
6.25
6.25
6.25
15.69
12.91
9.05
8.93
8.86
2.33
1.8
7.2
5.72
11.86
5.15
7.11
7.11
31.41
3.7
2.33
5.72
18.81
40.56
7.96
4.69
8.02
11.03
5.33
7.15
5.72
3.65
7.21
7.21
63.54
17.34
2.7
5.91
5.91
3.68
3.57
3.57
3.57
3.57
9.27
2.06
6.26
4.69
7.45
8.02
3.13
6.07
2.45
11.55
10.39
10.39
10.29
10.29
10.39
8.06
8.06
4.5
8.06
8.06
8.06
8.06
8.06
8.06
7.55
8.06
8.06
7.15
7.09
8.06
3.95
3.95
8.09
22.49
1.44
7.15
4.4
8.93
2.59
8.02
4.69
7.68
3.58
4.99
7.53
7.21
7.21
7.21
7.21
7.21
12.13
6.79
7.15
7.15
7.15
7.15
4.79
4.79
4.79
4.01
4.01
11.99
1.39
1.39
3.95
3.95
3.95
3.95
3.84
8.86
10.73
10.73
8.09
7.2
2.71
4.46
2.56
7.2
4.05
8.02
10.84
8.05
3.52
9.09
9.09
7.2
6.07
6.25
5.16
8.05
8.02
7.16
7.11
7.96
3.02
3.64
7.15
5.39
5.34
5.39
5.39
11.47
11.36
11.47
6.28
6.8
9.67
12.99
8.08
14.0
14.0
8.9
8.25
13.93
4.63
4.96
13.2
8.9
8.25
8.25
8.9
4.95
14.0
14.0
4.96
8.9
14.0
9.26
14.19
12.05
11.47
11.47
11.47
11.36
7.35
8.14
12.0
12.05
12.0
12.0
12.0
5.81
7.2
12.0
12.0
7.2
4.05
4.6
4.6
16.08
4.6
4.55
4.6
32.4
7.13
6.56
11.47
4.56
1.75
12.48
5.99
4.99
4.99
10.73
10.84
13.76
4.83
9.9
5.2
8.9
13.89
1.23
4.58
1.82
4.1
4.83
1.23
4.1
4.32
6.81
11.94
11.64
6.97
1.82
4.83
12.7
1.66
12.7
12.7
12.7
12.7
11.47
11.36
6.85
7.25
12.62
2.4
12.62
8.81
6.27
16.32
1.47
6.27
1.5
1.5
6.34
4.6
4.4
10.06
10.06
9.56
9.56
9.68
10.06
9.56
9.31
8.15
7.46
6.65
8.15
14.06
4.1
4.16
3.73
4.16
7.99
4.99
4.99
6.12
6.12
9.9
6.46
9.31
9.31
11.07
12.99
7.99
13.99
6.35
9.31
9.31
7.99
6.96
11.39
11.39
11.98
11.36
14.27
14.95
14.27
14.27
22.11
4.12
14.27
14.27
11.9
14.27
14.27
4.12
14.95
14.95
4.12
14.95
8.9
7.96
11.81
11.47
9.68
6.5
13.5
13.5
4.6
6.53
6.37
6.37
6.37
6.37
2.96
4.18
3.8
4.18
3.8
3.8
4.18
35.2
19.0
4.18
2.96
4.18
24.0
6.8
9.1
8.52
8.72
9.65
4.84
6.83
9.65
8.78
4.89
6.83
3.57
9.31
7.99
9.56
9.68
5.8
5.8
8.21
6.76
11.18
9.1
5.8
5.8
5.8
5.8
5.75
10.56
12.91
12.91
12.91
8.15
12.91
1.89
1.89
7.99
7.99
8.15
12.91
5.67
10.81
10.81
6.44
13.65
9.31
1.19
9.31
9.31
9.31
9.31
9.31
1.19
50.3
10.54
10.54
10.54
10.54
5.8
1.6
5.8
10.54
10.54
10.54
10.54
10.54
10.54
10.54
9.52
9.52
2.64
9.52
9.52
8.06
8.06
1.81
8.06
8.06
8.06
1.05
4.8
2.99
5.85
5.22
11.47
6.06
6.06
3.67
2.57
1.0
5.45
5.54
2.7
9.27
9.27
9.27
9.27
10.54
5.92
7.88
5.92
7.88
5.92
7.88
7.83
6.91
6.91
6.91
16.73
16.73
5.06
5.92
7.88
14.8
5.92
5.92
9.85
5.92
5.92
3.65
9.85
6.85
9.85
7.39
7.39
5.43
6.95
22.5
4.46
2.11
0.96
5.04
5.04
5.0
3.65
5.06
5.06
8.89
8.0
8.33
8.33
8.33
8.33
8.33
8.33
8.33
30.38
30.38
8.33
11.99
5.54
8.33
11.99
7.0
8.97
7.0
8.97
8.33
8.69
8.33
8.33
8.97
11.99
1.44
4.8
5.0
1.65
6.65
3.65
3.6
5.11
11.98
9.7
9.7
9.7
9.7
9.7
6.41
4.29
4.29
5.62
5.21
6.44
7.06
7.06
7.06
24.49
21.71
29.75
38.81
3.63
10.68
29.99
6.0
15.99
18.32
6.99
6.99
6.99
6.99
6.99
28.99
28.99
21.32
7.21
10.66
10.66
11.01
2.36
8.93
6.43
8.93
8.9
5.31
21.02
3.26
18.01
4.89
6.9
9.79
6.9
6.9
28.79
15.1
10.8
56.79
37.66
56.91
23.9
9.79
23.9
22.54
5.99
19.6
41.49
2.64
4.64
2.64
2.64
5.56
23.41
9.65
9.65
17.88
11.65
15.29
18.99
26.68
16.39
19.0
19.0
21.85
16.15
8.31
21.85
9.19
6.97
10.56
4.13
12.98
17.88
15.29
9.65
3.84
17.88
43.0
43.0
33.52
14.0
19.5
13.93
23.44
17.28
46.62
21.56
45.29
4.61
8.57
7.11
8.54
16.65
37.36
4.99
7.02
3.14
20.29
16.08
17.49
18.72
30.79
10.32
7.38
8.92
25.92
17.5
18.62
5.84
26.54
3.02
28.62
28.62
33.21
3.02
5.56
42.33
26.38
37.07
37.06
37.07
19.29
14.08
24.03
27.66
23.41
19.32
24.91
24.32
20.39
26.88
6.73
21.07
21.56
25.44
26.64
29.82
29.82
11.91
14.05
39.25
21.97
7.28
7.13
7.79
20.77
38.79
38.79
38.79
29.09
34.91
4.39
4.39
8.62
26.07
4.13
4.8
49.97
12.1
12.1
3.45
3.08
8.06
37.07
23.39
14.96
26.21
25.54
10.0
11.55
11.11
11.03
9.38
49.91
4.88
2.99
11.65
36.03
31.97
22.8
22.8
22.8
22.8
26.14
24.91
14.52
24.0
14.61
12.66
7.32
25.54
31.29
28.1
18.78
16.07
16.88
4.88
6.5
3.49
38.23
11.56
17.45
10.01
13.09
13.09
25.18
27.5
37.5
6.8
35.04
12.54
4.62
16.33
1.81
10.65
30.81
16.33
11.58
36.0
26.0
25.41
31.77
33.37
4.64
15.62
15.62
8.44
18.62
9.53
15.71
25.08
34.05
34.05
26.17
10.53
18.64
19.54
35.15
49.24
22.99
13.95
17.33
13.14
9.53
41.96
10.2
6.87
11.7
10.17
10.01
11.77
24.42
46.55
7.7
11.8
12.83
19.27
57.12
9.98
4.74
34.05
19.68
15.18
23.32
9.77
34.31
46.55
41.71
39.29
4.3
6.67
4.3
6.67
49.41
12.58
15.23
16.11
55.45
24.93
27.44
27.44
10.3
17.96
47.62
13.35
4.98
4.98
12.66
4.74
13.6
9.98
9.98
3.49
4.62
7.09
16.23
15.6
14.96
14.78
7.14
19.15
28.62
6.59
33.79
8.55
5.4
7.03
11.7
2.47
13.08
42.49
13.08
7.02
15.51
10.53
25.17
26.46
10.29
5.4
19.01
4.9
4.74
10.54
31.05
22.27
3.49
2.51
12.99
2.4
3.49
27.89
7.84
34.5
32.53
24.49
24.49
34.96
27.12
31.92
32.19
27.12
48.91
48.91
12.69
40.28
10.2
14.96
3.49
8.11
37.49
4.74
7.03
10.22
41.98
5.56
2.71
13.05
21.36
16.0
15.25
17.23
21.36
18.98
28.99
12.45
9.11
9.27
8.63
8.15
7.65
12.15
5.75
2.51
4.85
5.4
3.16
7.0
19.61
6.9
9.6
4.34
7.88
7.88
35.74
33.19
11.91
46.14
42.8
14.88
2.17
9.07
10.22
6.9
10.97
10.97
10.42
21.04
5.35
4.69
9.54
5.43
11.58
13.03
4.15
9.97
26.07
21.36
24.52
4.86
5.01
5.01
5.01
19.56
18.23
48.5
48.5
34.91
34.91
2.06
15.86
9.31
36.15
45.99
45.99
35.26
4.39
8.9
6.9
8.9
7.5
7.5
2.42
34.22
9.27
2.81
3.62
18.66
4.37
30.42
42.37
32.59
26.07
11.11
11.03
11.03
11.11
5.64
23.5
21.5
23.5
22.01
25.94
24.86
55.33
8.69
29.19
53.71
29.19
28.9
21.69
8.55
4.31
28.82
31.37
23.48
6.05
30.58
19.25
34.96
2.53
21.08
9.61
17.23
40.38
25.65
15.34
4.72
6.8
4.72
39.12
6.76
15.77
10.26
20.09
4.29
8.5
8.5
35.55
2.31
20.48
14.14
14.14
11.31
4.29
4.39
15.39
4.56
4.56
20.06
13.26
15.17
34.8
24.67
26.77
52.4
7.84
2.47
8.13
4.25
6.25
18.95
21.32
31.62
25.45
29.36
21.45
23.9
5.5
31.62
23.57
13.12
7.5
7.5
7.5
7.5
42.56
8.26
8.26
29.76
14.69
6.94
55.58
21.34
7.14
13.58
14.46
5.04
12.41
32.14
28.82
18.62
27.12
16.67
13.32
18.15
18.64
26.46
2.36
21.36
30.8
17.34
18.64
20.35
12.52
14.37
12.52
12.52
7.41
9.84
7.83
7.83
31.52
25.56
6.74
7.96
37.1
29.23
16.36
2.01
2.01
16.14
2.01
16.14
16.14
16.14
12.78
12.78
13.08
29.39
17.09
16.14
40.58
32.06
40.58
6.14
44.96
44.96
51.05
31.62
30.3
3.84
30.25
19.15
6.76
28.62
8.26
23.83
25.45
42.06
24.43
33.52
34.66
18.41
33.41
1.64
5.19
2.9
32.43
12.75
14.65
13.24
41.5
19.58
25.69
41.5
19.58
39.37
19.58
19.58
17.89
41.64
19.58
6.78
20.06
29.99
41.23
19.75
17.1
46.26
38.05
68.39
63.51
40.85
9.22
29.09
5.53
5.53
5.75
2.07
38.78
28.25
14.29
11.07
99.96
74.48
74.48
29.34
11.07
11.07
3.27
43.45
21.18
9.68
8.11
26.39
30.74
21.02
96.03
10.71
7.17
31.62
33.81
8.55
4.64
4.64
14.0
14.5
24.25
4.64
4.14
39.37
39.37
39.37
19.58
24.25
17.94
23.86
7.35
13.49
11.46
13.61
11.46
12.42
8.5
26.7
22.99
26.7
22.99
7.4
8.5
13.21
17.65
5.38
14.39
10.99
27.17
20.63
44.77
5.34
2.06
10.94
17.05
28.49
17.05
21.28
11.54
36.18
26.7
30.96
9.72
10.36
38.91
37.24
97.44
38.91
9.33
9.48
37.24
2.73
38.91
97.44
37.24
38.91
7.84
24.5
10.36
10.36
39.18
11.59
21.0
35.12
26.32
26.34
33.87
33.17
20.86
28.49
28.49
16.65
25.48
9.8
37.24
46.28
21.0
46.0
19.01
20.16
21.0
26.0
26.0
15.19
15.19
15.19
50.71
50.71
18.86
7.56
12.48
9.65
7.9
7.9
44.35
18.7
7.75
14.47
9.55
12.38
14.32
14.32
11.65
11.65
19.96
15.71
13.04
7.18
9.6
22.99
21.05
16.14
19.96
13.5
2.42
34.29
19.03
18.66
7.07
3.49
20.59
6.5
41.23
43.46
37.99
31.9
12.63
38.63
24.25
3.58
35.06
14.55
15.52
10.97
10.38
7.26
28.13
10.86
9.85
10.86
12.57
7.76
12.57
11.79
28.13
28.13
8.88
4.5
8.14
38.12
35.18
24.4
39.15
38.17
34.2
11.23
19.86
2.14
8.14
26.95
5.41
17.48
17.98
43.9
5.24
6.89
5.3
6.5
5.64
44.09
11.99
49.39
47.54
6.65
6.14
17.46
17.46
11.79
15.67
7.91
28.13
7.91
9.85
13.42
37.62
18.49
53.18
39.85
40.27
6.65
28.13
5.14
5.14
5.14
5.14
20.44
15.41
19.63
26.22
26.46
39.19
44.1
20.34
28.08
13.14
4.14
5.14
5.14
5.15
13.14
5.14
5.14
18.52
26.3
19.75
17.89
54.67
23.52
54.67
18.23
4.14
4.14
13.14
11.95
21.32
28.41
22.34
28.41
23.52
14.9
12.95
2.53
6.05
4.88
11.55
3.84
5.0
21.34
36.87
2.25
14.75
39.87
39.61
1.9
1.9
2.99
19.99
12.99
12.99
19.99
19.99
12.99
19.99
19.99
12.99
12.99
12.99
19.99
12.99
12.99
10.78
17.21
7.98
22.5
17.21
17.21
17.21
43.76
22.5
22.5
9.99
12.75
12.75
17.21
55.81
26.58
9.75
24.49
42.61
14.69
4.93
29.07
26.07
31.94
28.03
13.83
23.28
13.3
11.99
6.99
11.99
14.99
11.99
14.99
9.99
11.99
14.61
7.88
19.99
53.99
30.99
49.99
23.49
31.99
12.99
12.99
12.99
12.99
10.18
35.88
5.43
10.22
10.22
4.34
2.69
1.99
1.99
1.99
1.99
1.99
1.99
1.99
1.99
1.99
15.19
7.83
17.63
7.83
15.19
15.19
18.13
15.19
19.59
18.13
20.09
21.95
13.23
18.61
19.59
19.59
18.61
18.13
18.61
13.23
15.19
7.83
14.69
7.83
18.61
18.61
7.83
15.67
17.63
2.99
2.99
1.99
1.99
1.99
3.49
1.99
1.99
1.99
4.99
1.99
1.99
15.19
13.23
20.57
13.71
14.21
16.65
19.59
20.09
19.59
20.09
18.13
20.57
14.69
7.83
4.49
2.69
6.49
4.49
3.99
4.29
7.29
6.29
3.99
3.99
5.49
4.29
7.99
7.99
10.99
4.99
6.29
7.29
3.99
7.29
4.29
3.99
4.29
7.29
10.99
1.99
1.99
1.99
1.99
1.99
1.99
1.99
1.99
4.99
5.42
9.69
17.55
10.76
6.59
11.63
16.0
3.58
4.65
3.58
9.88
9.5
11.63
15.8
6.3
6.3
9.88
11.63
16.0
3.58
11.63
6.2
5.42
9.88
5.23
9.88
4.65
3.58
11.63
16.38
6.2
5.99
6.49
5.99
3.99
7.99
4.99
4.99
6.49
12.5
13.18
11.44
7.94
7.94
7.94
4.65
7.94
4.06
6.3
14.06
9.88
14.06
16.0
12.5
4.65
7.56
9.5
11.63
10.66
5.91
10.66
11.63
6.39
5.91
11.63
10.76
6.39
16.38
16.0
6.2
9.88
16.38
11.63
2.9
3.49
9.99
3.49
2.69
4.49
3.49
2.69
3.49
4.39
5.99
5.99
6.49
2.69
2.69
3.49
3.49
2.69
5.49
9.99
2.69
5.49
2.99
19.34
22.92
11.62
19.34
17.63
54.87
54.87
8.22
14.69
18.61
4.65
1.54
4.65
7.99
5.12
5.12
5.12
5.64
11.55
11.55
11.55
11.55
11.55
11.55
11.55
11.55
11.55
5.64
5.64
5.64
5.64
5.64
5.64
5.64
5.64
4.35
8.49
8.49
8.49
2.7
2.7
5.9
6.54
21.68
24.29
11.55
11.55
11.55
11.55
11.55
11.55
11.55
11.55
11.55
11.55
15.31
15.31
16.74
10.86
2.5
2.5
2.5
2.5
2.5
2.5
12.13
5.73
6.65
6.65
3.8
9.4
9.4
9.4
9.4
9.4
7.09
3.8
3.8
7.58
2.5
2.99
2.5
2.5
2.5
2.5
2.5
2.5
2.5
2.85
8.07
17.48
17.48
17.48
17.48
17.48
17.48
17.48
17.48
17.48
17.48
17.48
17.48
17.48
9.1
17.48
28.48
20.33
4.95
27.01
26.46
20.52
20.52
14.75
14.75
28.48
6.54
15.19
3.04
1.7
3.05
17.48
11.83
10.75
10.31
10.31
10.31
8.54
10.31
10.31
10.31
9.22
9.22
5.82
9.22
9.22
9.22
13.58
13.58
6.1
9.32
14.39
14.39
9.44
9.44
3.68
6.3
5.62
3.68
2.9
5.81
7.56
4.84
5.62
9.69
5.62
4.84
9.69
5.62
5.62
5.81
5.33
3.68
4.84
6.3
11.55
11.55
11.55
5.8
5.8
1.74
12.39
9.44
9.44
9.44
9.44
9.44
9.44
9.44
9.44
9.44
9.44
9.44
9.44
9.44
9.44
9.44
9.44
9.44
5.62
5.81
6.59
5.25
5.25
5.25
7.2
28.94
9.44
9.44
9.44
9.44
9.44
8.55
8.55
8.55
8.55
8.55
8.55
8.55
8.55
8.55
8.55
11.06
11.06
11.06
11.06
11.06
11.06
11.06
11.23
11.94
11.94
11.94
11.94
11.94
8.96
13.59
13.59
13.59
6.66
3.97
14.88
27.16
5.25
3.6
1.79
2.0
4.6
19.09
17.11
17.11
4.77
5.1
3.06
4.21
2.5
2.5
17.37
17.37
15.52
2.5
2.5
2.5
2.5
2.5
2.5
2.5
17.37
15.88
15.88
15.55
15.55
15.55
10.2
10.2
10.2
12.81
12.81
12.81
8.69
5.9
5.9
5.9
6.54
11.6
6.54
6.54
6.54
6.54
6.54
6.54
6.54
6.54
6.54
6.54
8.07
8.07
8.07
4.55
4.55
4.55
4.55
6.78
6.78
5.9
6.54
6.54
5.9
5.9
9.67
5.9
5.9
5.9
5.9
5.9
17.36
22.31
13.92
8.57
14.71
14.71
1.62
2.05
4.21
9.82
17.84
27.11
7.72
10.57
5.34
20.34
10.86
10.86
10.86
10.86
3.61
4.77
2.05
1.42
4.11
3.09
3.87
2.9
3.87
2.62
8.07
1.74
2.71
2.71
3.87
4.36
3.87
5.33
4.95
4.95
3.87
2.62
10.63
10.63
10.78
10.63
6.38
13.59
6.66
9.2
14.01
6.38
6.53
6.37
6.5
9.01
9.01
8.66
8.07
11.55
11.55
11.55
11.55
11.55
10.49
10.49
10.49
10.49
10.49
10.49
10.49
10.49
10.49
10.49
10.49
10.49
17.3
24.2
24.2
4.55
2.0
13.1
13.1
20.37
20.37
20.37
3.91
56.81
26.45
1.89
3.78
8.23
5.25
5.25
5.25
5.25
5.02
5.25
4.42
4.21
4.42
4.42
5.85
20.37
20.37
9.61
16.01
57.4
18.15
18.15
10.57
67.62
17.05
6.56
12.04
12.52
12.94
12.94
12.94
12.94
21.68
4.33
1.83
1.95
2.33
6.99
2.89
2.69
8.52
8.52
3.22
4.37
2.43
1.72
1.3
8.07
3.15
2.85
12.65
14.03
12.65
14.71
9.22
16.13
2.85
2.12
6.47
6.47
3.2
14.71
14.71
12.65
7.61
9.22
34.91
10.49
11.55
2.55
2.55
11.55
11.55
11.55
11.55
14.74
11.55
11.55
16.3
14.78
17.48
16.3
3.87
3.87
2.44
2.42
2.71
2.44
3.87
3.87
3.87
2.14
4.84
2.44
14.01
14.01
14.01
4.97
2.9
2.9
2.42
2.9
2.9
4.0
2.9
2.9
2.42
4.36
1.93
2.42
11.55
7.56
5.49
3.79
5.79
9.99
3.99
2.99
3.79
5.79
12.74
12.74
12.74
9.12
8.46
12.65
8.46
12.16
21.1
10.48
12.65
12.65
5.82
8.46
14.71
7.61
5.82
4.97
4.97
4.97
10.19
5.29
9.99
3.99
9.99
5.9
2.85
12.73
14.03
8.46
14.71
12.65
4.3
10.99
9.46
3.67
2.49
5.15
2.14
8.31
10.49
10.49
10.49
10.49
10.49
10.49
17.36
17.36
10.49
12.58
12.58
12.58
2.61
1.93
3.58
4.16
2.61
11.85
7.35
8.82
9.09
7.23
7.23
2.9
3.39
5.23
1.54
1.54
4.84
3.68
4.16
3.87
19.39
3.58
3.68
4.84
1.54
3.58
3.58
3.19
1.45
13.63
13.63
13.63
3.68
19.39
4.84
5.81
3.58
4.36
3.58
2.22
4.84
4.36
6.3
3.87
5.23
3.09
1.93
3.58
4.16
3.39
3.68
2.61
3.09
4.16
3.58
3.58
2.61
1.54
3.68
4.84
2.22
3.87
3.09
1.54
2.99
2.99
2.99
2.99
2.99
11.88
11.88
11.55
2.78
13.63
5.79
5.79
6.99
13.63
1.93
4.84
1.93
1.93
1.93
2.9
2.9
1.93
5.81
4.36
3.48
2.99
2.99
10.95
10.95
12.85
10.95
20.34
2.5
7.75
3.99
6.78
9.69
3.39
6.3
6.78
7.56
4.84
2.9
29.44
29.44
8.82
5.25
9.8
15.51
15.51
15.51
15.51
9.04
19.58
19.58
19.58
19.58
5.53
8.31
5.53
13.83
5.53
5.53
29.34
5.53
2.5
2.5
2.5
2.5
2.5
2.5
2.5
2.5
2.5
2.5
2.5
2.5
2.5
2.5
2.5
6.4
3.35
6.4
10.97
3.68
6.4
7.12
4.0
7.12
7.9
7.9
5.25
5.25
6.73
3.68
10.97
6.4
10.97
3.35
6.48
3.68
6.4
6.18
6.18
6.4
6.22
4.24
8.79
6.18
6.73
6.4
6.18
15.05
4.74
9.46
9.46
2.14
15.51
15.51
22.85
13.79
15.05
15.51
15.51
15.51
15.51
13.79
15.51
23.6
4.79
4.99
7.29
4.79
4.89
3.79
3.79
5.59
7.29
4.79
4.79
4.39
4.79
3.29
3.19
4.79
4.79
4.79
3.79
4.79
5.49
4.79
4.79
3.29
2.99
2.99
19.97
21.28
19.97
16.65
21.28
11.3
21.28
3.29
4.79
7.29
4.79
3.19
3.19
3.29
3.19
2.99
13.88
14.16
12.65
19.06
19.16
12.74
18.18
19.06
11.3
22.6
19.97
24.11
19.97
11.3
21.28
12.58
4.79
4.99
3.19
3.79
7.29
4.79
4.79
3.79
7.75
15.51
7.75
6.74
2.5
2.5
2.9
7.49
6.29
6.29
6.49
6.99
3.79
4.29
17.12
7.99
5.49
4.99
5.49
6.49
3.79
3.79
6.29
5.49
5.49
6.29
3.69
7.99
6.99
7.49
6.99
5.49
7.99
5.49
9.99
5.49
6.49
6.49
6.99
6.99
5.49
7.49
16.15
6.49
4.99
4.29
6.99
4.29
17.12
3.69
3.79
4.29
4.3
3.68
2.42
3.87
6.78
3.87
2.42
2.42
2.61
3.19
3.87
3.87
3.39
3.87
3.58
3.58
4.16
3.87
16.49
13.57
16.15
16.15
16.1
25.03
6.3
27.29
20.88
21.24
25.86
38.24
6.99
7.99
7.99
6.99
4.3
12.58
12.58
59.7
146.12
3.19
3.79
3.79
2.49
6.99
7.99
2.49
3.19
2.49
5.99
3.19
5.99
3.79
2.49
4.79
3.19
2.49
2.49
3.19
3.79
6.29
7.99
4.99
17.84
19.75
17.84
17.84
19.75
4.79
1.99
6.99
1.59
7.99
6.29
3.19
6.29
6.29
69.75
7.75
17.84
6.29
2.22
3.58
3.39
7.75
3.87
6.1
3.87
5.23
3.87
8.88
4.43
4.43
5.15
16.74
2.49
3.87
2.61
2.61
5.62
6.3
6.78
5.23
2.61
3.87
7.75
2.22
4.43
4.43
9.77
5.62
5.23
4.16
2.61
3.87
4.36
3.87
3.87
2.61
3.87
5.62
13.57
25.03
13.57
13.57
13.57
13.57
16.49
2.61
6.0
2.61
7.27
1.93
3.58
3.87
3.87
4.16
5.81
3.68
2.42
3.68
3.68
2.42
5.33
1.54
7.75
7.25
7.25
7.25
2.99
6.78
2.42
